# This file was produced by vcfstats(0.2.0-rc8) and can be plotted using plot-vcfstats.
# The command line was:	bcftools stats  -c both -s - 03_RET7.txt.vcf.gz BGI3-RET7.txt.Q40.vcf.gz
#
# Definition of sets:
# ID	[2]id	[3]tab-separated file names
ID	0	03_RET7.txt.vcf.gz
ID	1	BGI3-RET7.txt.Q40.vcf.gz
ID	2	03_RET7.txt.vcf.gz	BGI3-RET7.txt.Q40.vcf.gz
# SN, Summary numbers:
# SN	[2]id	[3]key	[4]value
SN	0	number of samples:	24
SN	1	number of samples:	24
SN	0	number of SNPs:	69106
SN	0	number of MNPs:	0
SN	0	number of indels:	8249
SN	0	number of others:	0
SN	0	number of multiallelic sites:	62
SN	0	number of multiallelic SNP sites:	11
SN	1	number of SNPs:	48201
SN	1	number of MNPs:	0
SN	1	number of indels:	1086
SN	1	number of others:	0
SN	1	number of multiallelic sites:	4
SN	1	number of multiallelic SNP sites:	0
SN	2	number of SNPs:	117683
SN	2	number of MNPs:	0
SN	2	number of indels:	20179
SN	2	number of others:	0
SN	2	number of multiallelic sites:	360
SN	2	number of multiallelic SNP sites:	14
# TSTV, transitions/transversions:
# TSTV	[2]id	[3]ts	[4]tv	[5]ts/tv	[6]ts (1st ALT)	[7]tv (1st ALT)	[8]ts/tv (1st ALT)
TSTV	0	34927	34190	1.02	34922	34184	1.02
TSTV	1	21032	27169	0.77	21032	27169	0.77
TSTV	2	63888	53809	1.19	63886	53797	1.19
# Sis, Singleton stats:
# SiS	[2]id	[3]allele count	[4]number of SNPs	[5]number of transitions	[6]number of transversions	[7]number of indels	[8]repeat-consistent	[9]repeat-inconsistent	[10]not applicable
SiS	0	1	39717	22877	16840	1782	0	0	1782
SiS	1	1	34862	17502	17360	417	0	0	417
SiS	2	1	13689	7135	6554	1105	0	0	1105
# AF, Stats by non-reference allele frequency:
# AF	[2]id	[3]allele frequency	[4]number of SNPs	[5]number of transitions	[6]number of transversions	[7]number of indels	[8]repeat-consistent	[9]repeat-inconsistent	[10]not applicable
AF	0	0.000000	39728	22882	16846	1845	0	0	1845
AF	0	4.000000	9281	3943	5338	2107	0	0	2107
AF	0	6.000000	3772	1406	2366	692	0	0	692
AF	0	8.000000	2717	1031	1686	632	0	0	632
AF	0	10.000000	1653	592	1061	364	0	0	364
AF	0	12.000000	1443	549	894	386	0	0	386
AF	0	14.000000	964	375	589	195	0	0	195
AF	0	16.000000	887	373	514	172	0	0	172
AF	0	18.000000	689	283	406	117	0	0	117
AF	0	20.000000	749	294	455	144	0	0	144
AF	0	22.000000	632	269	363	86	0	0	86
AF	0	24.000000	753	343	410	102	0	0	102
AF	0	26.000000	474	199	275	62	0	0	62
AF	0	28.000000	424	188	236	64	0	0	64
AF	0	30.000000	328	146	182	47	0	0	47
AF	0	33.000000	285	119	166	51	0	0	51
AF	0	35.000000	303	114	189	46	0	0	46
AF	0	37.000000	327	124	203	84	0	0	84
AF	0	39.000000	317	144	173	93	0	0	93
AF	0	41.000000	300	111	189	98	0	0	98
AF	0	43.000000	289	98	191	105	0	0	105
AF	0	45.000000	307	122	185	82	0	0	82
AF	0	47.000000	325	141	184	71	0	0	71
AF	0	49.000000	473	226	247	47	0	0	47
AF	0	51.000000	176	103	73	34	0	0	34
AF	0	53.000000	195	96	99	53	0	0	53
AF	0	55.000000	139	56	83	62	0	0	62
AF	0	57.000000	114	63	51	55	0	0	55
AF	0	59.000000	109	61	48	59	0	0	59
AF	0	61.000000	143	67	76	38	0	0	38
AF	0	63.000000	91	44	47	25	0	0	25
AF	0	66.000000	74	39	35	29	0	0	29
AF	0	68.000000	42	22	20	17	0	0	17
AF	0	70.000000	68	48	20	16	0	0	16
AF	0	72.000000	41	16	25	10	0	0	10
AF	0	74.000000	130	68	62	16	0	0	16
AF	0	76.000000	42	17	25	8	0	0	8
AF	0	78.000000	84	43	41	23	0	0	23
AF	0	80.000000	21	11	10	6	0	0	6
AF	0	82.000000	52	23	29	14	0	0	14
AF	0	84.000000	17	10	7	8	0	0	8
AF	0	86.000000	24	8	16	18	0	0	18
AF	0	88.000000	15	6	9	14	0	0	14
AF	0	90.000000	20	11	9	11	0	0	11
AF	0	92.000000	8	2	6	7	0	0	7
AF	0	94.000000	16	5	11	10	0	0	10
AF	0	96.000000	15	7	8	7	0	0	7
AF	0	99.000000	61	29	32	80	0	0	80
AF	1	0.000000	34862	17502	17360	421	0	0	421
AF	1	4.000000	7832	2333	5499	386	0	0	386
AF	1	6.000000	2944	631	2313	111	0	0	111
AF	1	8.000000	1396	326	1070	55	0	0	55
AF	1	10.000000	603	126	477	22	0	0	22
AF	1	12.000000	300	62	238	18	0	0	18
AF	1	14.000000	144	18	126	9	0	0	9
AF	1	16.000000	63	22	41	5	0	0	5
AF	1	18.000000	30	3	27	5	0	0	5
AF	1	20.000000	8	0	8	2	0	0	2
AF	1	22.000000	6	3	3	2	0	0	2
AF	1	24.000000	2	1	1	2	0	0	2
AF	1	26.000000	1	0	1	2	0	0	2
AF	1	28.000000	0	0	0	1	0	0	1
AF	1	35.000000	0	0	0	3	0	0	3
AF	1	37.000000	1	0	1	4	0	0	4
AF	1	39.000000	0	0	0	2	0	0	2
AF	1	41.000000	2	1	1	6	0	0	6
AF	1	43.000000	1	0	1	4	0	0	4
AF	1	45.000000	1	1	0	5	0	0	5
AF	1	47.000000	2	2	0	4	0	0	4
AF	1	49.000000	0	0	0	3	0	0	3
AF	1	51.000000	0	0	0	1	0	0	1
AF	1	53.000000	1	0	1	1	0	0	1
AF	1	55.000000	0	0	0	1	0	0	1
AF	1	57.000000	1	0	1	2	0	0	2
AF	1	59.000000	0	0	0	2	0	0	2
AF	1	63.000000	0	0	0	1	0	0	1
AF	1	74.000000	0	0	0	1	0	0	1
AF	1	86.000000	0	0	0	1	0	0	1
AF	1	90.000000	0	0	0	1	0	0	1
AF	1	92.000000	0	0	0	2	0	0	2
AF	1	94.000000	0	0	0	1	0	0	1
AF	1	96.000000	0	0	0	2	0	0	2
AF	1	99.000000	1	1	0	2	0	0	2
AF	2	0.000000	13703	7137	6566	1531	0	0	1531
AF	2	4.000000	41881	23422	18459	5449	0	0	5449
AF	2	6.000000	5762	2938	2824	621	0	0	621
AF	2	8.000000	10185	5523	4662	1564	0	0	1564
AF	2	10.000000	2879	1442	1437	399	0	0	399
AF	2	12.000000	5882	3185	2697	1044	0	0	1044
AF	2	14.000000	1893	919	974	304	0	0	304
AF	2	16.000000	2891	1534	1357	615	0	0	615
AF	2	18.000000	1432	720	712	255	0	0	255
AF	2	20.000000	3333	1834	1499	792	0	0	792
AF	2	22.000000	1183	612	571	221	0	0	221
AF	2	24.000000	2672	1452	1220	555	0	0	555
AF	2	26.000000	810	447	363	166	0	0	166
AF	2	28.000000	1483	842	641	373	0	0	373
AF	2	30.000000	540	289	251	95	0	0	95
AF	2	33.000000	1447	807	640	341	0	0	341
AF	2	35.000000	650	334	316	185	0	0	185
AF	2	37.000000	1389	787	602	420	0	0	420
AF	2	39.000000	693	343	350	209	0	0	209
AF	2	41.000000	1259	696	563	421	0	0	421
AF	2	43.000000	775	404	371	233	0	0	233
AF	2	45.000000	1254	685	569	418	0	0	418
AF	2	47.000000	783	425	358	220	0	0	220
AF	2	49.000000	1590	940	650	277	0	0	277
AF	2	51.000000	601	344	257	143	0	0	143
AF	2	53.000000	1108	618	490	260	0	0	260
AF	2	55.000000	467	253	214	216	0	0	216
AF	2	57.000000	823	429	394	288	0	0	288
AF	2	59.000000	506	243	263	243	0	0	243
AF	2	61.000000	1216	656	560	387	0	0	387
AF	2	63.000000	469	257	212	157	0	0	157
AF	2	66.000000	852	502	350	223	0	0	223
AF	2	68.000000	198	121	77	50	0	0	50
AF	2	70.000000	737	393	344	171	0	0	171
AF	2	72.000000	254	140	114	59	0	0	59
AF	2	74.000000	1179	664	515	251	0	0	251
AF	2	76.000000	293	163	130	74	0	0	74
AF	2	78.000000	888	495	393	288	0	0	288
AF	2	80.000000	198	103	95	86	0	0	86
AF	2	82.000000	387	224	163	179	0	0	179
AF	2	84.000000	161	74	87	60	0	0	60
AF	2	86.000000	386	210	176	123	0	0	123
AF	2	88.000000	86	41	45	51	0	0	51
AF	2	90.000000	134	58	76	70	0	0	70
AF	2	92.000000	57	18	39	39	0	0	39
AF	2	94.000000	58	30	28	41	0	0	41
AF	2	96.000000	22	13	9	22	0	0	22
AF	2	99.000000	248	122	126	416	0	0	416
# QUAL, Stats by quality:
# QUAL	[2]id	[3]Quality	[4]number of SNPs	[5]number of transitions (1st ALT)	[6]number of transversions (1st ALT)	[7]number of indels
QUAL	0	3	5332	2738	2594	201
QUAL	0	4	3182	1505	1677	192
QUAL	0	5	3424	1832	1592	156
QUAL	0	6	2025	996	1029	157
QUAL	0	7	2397	1329	1068	187
QUAL	0	8	2096	1114	982	147
QUAL	0	9	1324	649	675	126
QUAL	0	10	1821	1115	706	110
QUAL	0	11	1247	592	655	115
QUAL	0	12	973	474	499	100
QUAL	0	13	1637	893	744	76
QUAL	0	14	1011	506	505	96
QUAL	0	15	932	461	471	66
QUAL	0	16	1331	786	545	63
QUAL	0	17	728	375	353	76
QUAL	0	18	630	302	328	68
QUAL	0	19	1064	631	433	63
QUAL	0	20	555	282	273	61
QUAL	0	21	497	265	232	54
QUAL	0	22	961	607	354	76
QUAL	0	23	488	247	241	62
QUAL	0	24	419	205	214	58
QUAL	0	25	845	529	316	63
QUAL	0	26	433	228	205	45
QUAL	0	27	419	191	228	53
QUAL	0	28	787	493	294	55
QUAL	0	29	353	179	174	52
QUAL	0	30	357	182	175	48
QUAL	0	31	724	438	286	45
QUAL	0	32	337	161	176	43
QUAL	0	33	307	156	151	46
QUAL	0	34	582	347	235	44
QUAL	0	35	288	158	130	52
QUAL	0	36	290	147	143	43
QUAL	0	37	512	305	207	43
QUAL	0	38	266	143	123	56
QUAL	0	39	253	113	140	52
QUAL	0	40	453	285	168	33
QUAL	0	41	260	124	136	34
QUAL	0	42	243	133	110	36
QUAL	0	43	446	282	164	40
QUAL	0	44	234	123	111	33
QUAL	0	45	221	112	109	35
QUAL	0	46	389	254	135	43
QUAL	0	47	213	94	119	42
QUAL	0	48	223	107	116	34
QUAL	0	49	284	173	111	34
QUAL	0	50	205	102	103	32
QUAL	0	51	158	83	75	29
QUAL	0	52	260	154	106	37
QUAL	0	53	185	90	95	52
QUAL	0	54	189	101	88	33
QUAL	0	55	238	136	102	28
QUAL	0	56	168	74	94	33
QUAL	0	57	141	73	68	33
QUAL	0	58	208	119	89	25
QUAL	0	59	162	73	89	22
QUAL	0	60	201	93	108	28
QUAL	0	61	245	120	125	18
QUAL	0	62	208	101	107	28
QUAL	0	63	129	63	66	57
QUAL	0	64	158	78	80	24
QUAL	0	65	137	64	73	18
QUAL	0	66	153	58	95	42
QUAL	0	67	142	69	73	38
QUAL	0	68	144	65	79	24
QUAL	0	69	94	45	49	20
QUAL	0	70	169	80	89	23
QUAL	0	71	154	63	91	26
QUAL	0	72	144	65	79	25
QUAL	0	73	134	54	80	21
QUAL	0	74	106	45	61	17
QUAL	0	75	94	38	56	14
QUAL	0	76	96	37	59	19
QUAL	0	77	95	44	51	20
QUAL	0	78	80	30	50	19
QUAL	0	79	81	36	45	21
QUAL	0	80	71	35	36	18
QUAL	0	81	103	49	54	16
QUAL	0	82	79	33	46	19
QUAL	0	83	78	38	40	19
QUAL	0	84	64	25	39	22
QUAL	0	85	80	34	46	22
QUAL	0	86	85	38	47	10
QUAL	0	87	72	36	36	14
QUAL	0	88	78	34	44	19
QUAL	0	89	87	36	51	17
QUAL	0	90	74	34	40	16
QUAL	0	91	95	45	50	24
QUAL	0	92	56	29	27	16
QUAL	0	93	81	30	51	27
QUAL	0	94	74	34	40	22
QUAL	0	95	71	35	36	30
QUAL	0	96	72	34	38	18
QUAL	0	97	85	44	41	21
QUAL	0	98	89	41	48	13
QUAL	0	99	90	35	55	13
QUAL	0	100	48	17	31	6
QUAL	0	101	77	28	49	10
QUAL	0	102	67	27	40	12
QUAL	0	103	65	29	36	19
QUAL	0	104	71	28	43	10
QUAL	0	105	64	27	37	11
QUAL	0	106	66	30	36	12
QUAL	0	107	71	22	49	18
QUAL	0	108	63	32	31	13
QUAL	0	109	55	19	36	20
QUAL	0	110	66	25	41	30
QUAL	0	111	72	29	43	24
QUAL	0	112	79	38	41	20
QUAL	0	113	66	29	37	15
QUAL	0	114	58	29	29	9
QUAL	0	115	77	31	46	12
QUAL	0	116	51	28	23	17
QUAL	0	117	105	53	52	9
QUAL	0	118	115	49	66	13
QUAL	0	119	94	41	53	16
QUAL	0	120	70	26	44	11
QUAL	0	121	69	20	49	15
QUAL	0	122	46	22	24	14
QUAL	0	123	53	24	29	2
QUAL	0	124	47	19	28	15
QUAL	0	125	45	20	25	17
QUAL	0	126	54	26	28	7
QUAL	0	127	54	26	28	16
QUAL	0	128	55	24	31	10
QUAL	0	129	74	34	40	9
QUAL	0	130	53	28	25	14
QUAL	0	131	50	15	35	12
QUAL	0	132	43	25	18	7
QUAL	0	133	39	20	19	12
QUAL	0	134	55	23	32	11
QUAL	0	135	45	17	28	10
QUAL	0	136	38	18	20	14
QUAL	0	137	46	19	27	12
QUAL	0	138	47	18	29	10
QUAL	0	139	39	17	22	10
QUAL	0	140	49	23	26	10
QUAL	0	141	58	25	33	8
QUAL	0	142	39	20	19	8
QUAL	0	143	40	24	16	7
QUAL	0	144	50	27	23	8
QUAL	0	145	46	17	29	12
QUAL	0	146	39	19	20	9
QUAL	0	147	50	20	30	9
QUAL	0	148	56	25	31	10
QUAL	0	149	52	22	30	8
QUAL	0	150	42	20	22	7
QUAL	0	151	48	18	30	11
QUAL	0	152	31	17	14	8
QUAL	0	153	34	14	20	6
QUAL	0	154	40	16	24	7
QUAL	0	155	71	34	37	9
QUAL	0	156	52	22	30	4
QUAL	0	157	61	36	25	4
QUAL	0	158	44	19	25	5
QUAL	0	159	31	15	16	2
QUAL	0	160	23	10	13	1
QUAL	0	161	31	11	20	0
QUAL	0	162	19	10	9	1
QUAL	0	163	22	12	10	2
QUAL	0	164	9	3	6	1
QUAL	0	165	20	14	6	3
QUAL	0	166	15	5	10	1
QUAL	0	167	11	3	8	2
QUAL	0	168	8	5	3	3
QUAL	0	169	3	1	2	3
QUAL	0	170	1	0	1	1
QUAL	0	171	9	2	7	1
QUAL	0	172	2	0	2	1
QUAL	0	173	3	0	3	1
QUAL	0	174	5	3	2	0
QUAL	0	175	3	2	1	0
QUAL	0	176	4	2	2	0
QUAL	0	177	4	1	3	0
QUAL	0	178	5	3	2	1
QUAL	0	179	5	0	5	0
QUAL	0	180	3	1	2	0
QUAL	0	181	0	0	0	1
QUAL	0	182	4	1	3	0
QUAL	0	183	1	1	0	0
QUAL	0	184	2	1	1	0
QUAL	0	185	5	1	4	2
QUAL	0	186	3	0	3	1
QUAL	0	187	4	4	0	0
QUAL	0	188	1	0	1	0
QUAL	0	189	5	1	4	0
QUAL	0	191	9	4	5	1
QUAL	0	193	0	0	0	1
QUAL	0	194	3	1	2	1
QUAL	0	196	4	2	2	0
QUAL	0	197	1	0	1	0
QUAL	0	198	2	1	1	0
QUAL	0	199	2	0	2	0
QUAL	0	200	1	0	1	0
QUAL	0	201	0	0	0	1
QUAL	0	202	3	3	0	1
QUAL	0	203	5	2	3	2
QUAL	0	204	0	0	0	1
QUAL	0	206	2	1	1	0
QUAL	0	207	4	0	4	0
QUAL	0	208	3	2	1	0
QUAL	0	211	1	0	1	0
QUAL	0	212	1	0	1	1
QUAL	0	213	3	1	2	0
QUAL	0	215	0	0	0	1
QUAL	0	216	2	2	0	0
QUAL	0	217	1	1	0	0
QUAL	0	218	2	1	1	0
QUAL	0	219	2	0	2	0
QUAL	0	220	2	0	2	0
QUAL	0	221	1	1	0	0
QUAL	0	222	2	0	2	0
QUAL	0	223	1	1	0	0
QUAL	0	225	1	1	0	0
QUAL	0	226	1	1	0	0
QUAL	0	227	1	1	0	0
QUAL	0	228	1	0	1	0
QUAL	0	230	1	0	1	0
QUAL	0	231	1	0	1	0
QUAL	0	232	1	1	0	0
QUAL	0	236	1	1	0	0
QUAL	0	244	1	0	1	0
QUAL	0	245	1	0	1	0
QUAL	0	246	1	1	0	0
QUAL	0	260	1	0	1	0
QUAL	0	263	1	1	0	0
QUAL	0	265	1	1	0	0
QUAL	0	269	1	1	0	0
QUAL	0	319	1	0	1	0
QUAL	0	356	1	0	1	0
QUAL	0	998	15362	6975	8387	2921
QUAL	1	3	4682	1819	2863	77
QUAL	1	4	2290	787	1503	52
QUAL	1	5	3744	1555	2189	45
QUAL	1	6	1717	601	1116	30
QUAL	1	7	1509	519	990	51
QUAL	1	8	2559	1200	1359	48
QUAL	1	9	1470	529	941	41
QUAL	1	10	1919	895	1024	27
QUAL	1	11	1105	417	688	19
QUAL	1	12	997	396	601	25
QUAL	1	13	1685	797	888	21
QUAL	1	14	897	358	539	25
QUAL	1	15	803	306	497	21
QUAL	1	16	1524	758	766	29
QUAL	1	17	773	305	468	16
QUAL	1	18	735	303	432	17
QUAL	1	19	1366	691	675	16
QUAL	1	20	632	270	362	18
QUAL	1	21	584	241	343	12
QUAL	1	22	1242	625	617	11
QUAL	1	23	566	244	322	15
QUAL	1	24	514	215	299	13
QUAL	1	25	1069	519	550	5
QUAL	1	26	485	218	267	4
QUAL	1	27	430	184	246	16
QUAL	1	28	995	509	486	10
QUAL	1	29	386	186	200	4
QUAL	1	30	390	166	224	11
QUAL	1	31	919	492	427	8
QUAL	1	32	328	152	176	5
QUAL	1	33	298	130	168	7
QUAL	1	34	812	427	385	10
QUAL	1	35	271	118	153	14
QUAL	1	36	285	140	145	6
QUAL	1	37	649	365	284	8
QUAL	1	38	249	103	146	5
QUAL	1	39	253	125	128	5
QUAL	1	40	580	317	263	2
QUAL	1	41	219	100	119	3
QUAL	1	42	202	101	101	3
QUAL	1	43	513	274	239	7
QUAL	1	44	177	80	97	6
QUAL	1	45	165	71	94	6
QUAL	1	46	425	242	183	6
QUAL	1	47	157	73	84	8
QUAL	1	48	149	63	86	8
QUAL	1	49	329	171	158	3
QUAL	1	50	152	66	86	8
QUAL	1	51	138	70	68	8
QUAL	1	52	306	171	135	0
QUAL	1	53	137	53	84	10
QUAL	1	54	92	50	42	7
QUAL	1	55	232	114	118	5
QUAL	1	56	124	55	69	2
QUAL	1	57	73	25	48	4
QUAL	1	58	187	100	87	3
QUAL	1	59	108	51	57	1
QUAL	1	60	87	35	52	2
QUAL	1	61	160	83	77	4
QUAL	1	62	98	46	52	1
QUAL	1	63	70	34	36	5
QUAL	1	64	96	39	57	3
QUAL	1	65	91	49	42	5
QUAL	1	66	65	30	35	0
QUAL	1	67	68	28	40	6
QUAL	1	68	68	28	40	5
QUAL	1	69	51	16	35	3
QUAL	1	70	47	19	28	6
QUAL	1	71	61	28	33	1
QUAL	1	72	49	18	31	6
QUAL	1	73	44	13	31	4
QUAL	1	74	51	21	30	1
QUAL	1	75	34	17	17	0
QUAL	1	76	32	10	22	1
QUAL	1	77	36	19	17	1
QUAL	1	78	23	11	12	1
QUAL	1	79	24	10	14	1
QUAL	1	80	25	8	17	0
QUAL	1	81	32	14	18	4
QUAL	1	82	22	9	13	1
QUAL	1	83	25	9	16	1
QUAL	1	84	28	11	17	2
QUAL	1	85	31	14	17	2
QUAL	1	86	27	7	20	4
QUAL	1	87	22	7	15	1
QUAL	1	88	23	8	15	0
QUAL	1	89	15	3	12	0
QUAL	1	90	29	15	14	0
QUAL	1	91	20	5	15	5
QUAL	1	92	24	10	14	0
QUAL	1	93	26	10	16	0
QUAL	1	94	26	11	15	1
QUAL	1	95	9	3	6	4
QUAL	1	96	26	9	17	2
QUAL	1	97	12	3	9	3
QUAL	1	98	22	13	9	1
QUAL	1	99	23	11	12	1
QUAL	1	100	9	5	4	2
QUAL	1	101	22	13	9	1
QUAL	1	102	23	7	16	1
QUAL	1	103	16	7	9	0
QUAL	1	104	17	10	7	1
QUAL	1	105	15	10	5	1
QUAL	1	106	23	11	12	1
QUAL	1	107	15	3	12	1
QUAL	1	108	18	10	8	0
QUAL	1	109	12	6	6	1
QUAL	1	110	18	7	11	3
QUAL	1	111	15	10	5	4
QUAL	1	112	14	7	7	3
QUAL	1	113	10	2	8	0
QUAL	1	114	7	4	3	3
QUAL	1	115	11	5	6	0
QUAL	1	116	10	5	5	1
QUAL	1	117	13	3	10	0
QUAL	1	118	8	3	5	2
QUAL	1	119	14	5	9	1
QUAL	1	120	10	4	6	1
QUAL	1	121	14	6	8	2
QUAL	1	122	9	2	7	0
QUAL	1	123	8	6	2	3
QUAL	1	124	23	10	13	2
QUAL	1	125	11	3	8	0
QUAL	1	126	16	4	12	0
QUAL	1	127	11	5	6	3
QUAL	1	128	8	3	5	1
QUAL	1	129	9	3	6	1
QUAL	1	130	6	3	3	0
QUAL	1	131	9	7	2	1
QUAL	1	132	8	2	6	0
QUAL	1	133	9	5	4	1
QUAL	1	134	3	2	1	1
QUAL	1	135	11	3	8	0
QUAL	1	136	7	3	4	0
QUAL	1	137	7	4	3	0
QUAL	1	138	5	2	3	1
QUAL	1	139	6	2	4	0
QUAL	1	140	6	1	5	2
QUAL	1	141	6	4	2	0
QUAL	1	142	8	5	3	1
QUAL	1	143	7	2	5	0
QUAL	1	144	3	0	3	0
QUAL	1	145	10	4	6	1
QUAL	1	146	8	4	4	0
QUAL	1	147	5	1	4	0
QUAL	1	148	1	0	1	0
QUAL	1	149	5	2	3	0
QUAL	1	150	4	1	3	1
QUAL	1	151	7	2	5	0
QUAL	1	152	5	3	2	2
QUAL	1	153	5	2	3	1
QUAL	1	154	10	5	5	0
QUAL	1	155	2	1	1	0
QUAL	1	156	3	3	0	0
QUAL	1	157	3	1	2	0
QUAL	1	158	3	0	3	0
QUAL	1	159	2	1	1	0
QUAL	1	160	2	0	2	0
QUAL	1	161	2	1	1	0
QUAL	1	163	1	1	0	0
QUAL	1	164	1	0	1	0
QUAL	1	165	1	0	1	0
QUAL	1	166	2	2	0	0
QUAL	1	167	1	1	0	0
QUAL	1	168	2	0	2	0
QUAL	1	171	1	1	0	0
QUAL	1	182	1	0	1	0
QUAL	1	186	1	1	0	0
QUAL	1	193	1	0	1	0
QUAL	1	202	1	0	1	0
QUAL	1	214	1	1	0	0
QUAL	1	225	1	0	1	0
QUAL	1	259	1	1	0	0
QUAL	1	998	279	123	156	100
QUAL	2	3	292	110	182	62
QUAL	2	4	229	91	138	51
QUAL	2	5	177	76	101	38
QUAL	2	6	169	65	104	63
QUAL	2	7	197	84	113	66
QUAL	2	8	177	75	102	65
QUAL	2	9	152	64	88	55
QUAL	2	10	157	67	90	39
QUAL	2	11	159	73	86	36
QUAL	2	12	148	56	92	48
QUAL	2	13	231	105	126	47
QUAL	2	14	223	102	121	51
QUAL	2	15	209	98	111	33
QUAL	2	16	165	69	96	60
QUAL	2	17	131	52	79	47
QUAL	2	18	119	48	71	52
QUAL	2	19	124	54	70	53
QUAL	2	20	121	60	61	43
QUAL	2	21	102	37	65	52
QUAL	2	22	117	56	61	45
QUAL	2	23	126	56	70	67
QUAL	2	24	115	59	56	61
QUAL	2	25	120	52	68	55
QUAL	2	26	99	34	65	54
QUAL	2	27	88	40	48	47
QUAL	2	28	94	37	57	53
QUAL	2	29	86	28	58	41
QUAL	2	30	95	44	51	53
QUAL	2	31	86	36	50	50
QUAL	2	32	107	58	49	51
QUAL	2	33	109	50	59	46
QUAL	2	34	83	42	41	63
QUAL	2	35	98	44	54	35
QUAL	2	36	96	43	53	35
QUAL	2	37	136	69	67	59
QUAL	2	38	107	43	64	46
QUAL	2	39	85	35	50	45
QUAL	2	40	96	55	41	42
QUAL	2	41	101	51	50	41
QUAL	2	42	92	35	57	43
QUAL	2	43	101	48	53	53
QUAL	2	44	109	44	65	54
QUAL	2	45	105	54	51	37
QUAL	2	46	101	42	59	48
QUAL	2	47	100	54	46	55
QUAL	2	48	81	31	50	40
QUAL	2	49	80	35	45	62
QUAL	2	50	106	51	55	53
QUAL	2	51	92	46	46	44
QUAL	2	52	108	48	60	45
QUAL	2	53	72	41	31	51
QUAL	2	54	105	54	51	51
QUAL	2	55	96	36	60	50
QUAL	2	56	82	37	45	40
QUAL	2	57	114	57	57	39
QUAL	2	58	108	56	52	56
QUAL	2	59	96	37	59	48
QUAL	2	60	197	98	99	36
QUAL	2	61	179	85	94	40
QUAL	2	62	105	52	53	45
QUAL	2	63	106	51	55	48
QUAL	2	64	92	53	39	43
QUAL	2	65	109	52	57	34
QUAL	2	66	89	43	46	32
QUAL	2	67	84	43	41	48
QUAL	2	68	85	41	44	43
QUAL	2	69	67	38	29	44
QUAL	2	70	162	70	92	26
QUAL	2	71	143	64	79	38
QUAL	2	72	109	50	59	43
QUAL	2	73	85	30	55	49
QUAL	2	74	91	45	46	40
QUAL	2	75	87	36	51	45
QUAL	2	76	69	31	38	40
QUAL	2	77	102	58	44	26
QUAL	2	78	82	43	39	41
QUAL	2	79	98	57	41	38
QUAL	2	80	94	43	51	26
QUAL	2	81	82	35	47	30
QUAL	2	82	100	52	48	40
QUAL	2	83	84	37	47	41
QUAL	2	84	92	52	40	36
QUAL	2	85	83	41	42	37
QUAL	2	86	85	42	43	37
QUAL	2	87	75	38	37	36
QUAL	2	88	61	29	32	27
QUAL	2	89	88	43	45	44
QUAL	2	90	74	40	34	49
QUAL	2	91	81	48	33	47
QUAL	2	92	79	38	41	37
QUAL	2	93	79	45	34	38
QUAL	2	94	92	46	46	37
QUAL	2	95	92	45	47	23
QUAL	2	96	104	54	50	34
QUAL	2	97	96	49	47	47
QUAL	2	98	132	71	61	40
QUAL	2	99	144	72	72	25
QUAL	2	100	59	24	35	16
QUAL	2	101	90	40	50	36
QUAL	2	102	90	39	51	35
QUAL	2	103	61	32	29	30
QUAL	2	104	65	31	34	33
QUAL	2	105	87	52	35	27
QUAL	2	106	73	38	35	31
QUAL	2	107	80	46	34	30
QUAL	2	108	66	31	35	39
QUAL	2	109	70	32	38	43
QUAL	2	110	76	39	37	46
QUAL	2	111	108	51	57	39
QUAL	2	112	95	40	55	36
QUAL	2	113	68	35	33	30
QUAL	2	114	80	42	38	33
QUAL	2	115	91	54	37	38
QUAL	2	116	73	39	34	34
QUAL	2	117	160	81	79	26
QUAL	2	118	159	71	88	39
QUAL	2	119	100	50	50	37
QUAL	2	120	90	34	56	31
QUAL	2	121	70	32	38	44
QUAL	2	122	74	39	35	35
QUAL	2	123	82	29	53	26
QUAL	2	124	66	41	25	31
QUAL	2	125	72	31	41	25
QUAL	2	126	79	32	47	34
QUAL	2	127	69	28	41	22
QUAL	2	128	86	41	45	35
QUAL	2	129	110	57	53	30
QUAL	2	130	105	39	66	24
QUAL	2	131	90	41	49	24
QUAL	2	132	78	37	41	21
QUAL	2	133	72	34	38	25
QUAL	2	134	85	40	45	32
QUAL	2	135	55	23	32	18
QUAL	2	136	70	45	25	27
QUAL	2	137	58	27	31	29
QUAL	2	138	79	40	39	25
QUAL	2	139	88	42	46	21
QUAL	2	140	68	32	36	24
QUAL	2	141	47	25	22	21
QUAL	2	142	91	47	44	28
QUAL	2	143	76	45	31	20
QUAL	2	144	69	39	30	13
QUAL	2	145	87	45	42	20
QUAL	2	146	82	47	35	20
QUAL	2	147	77	42	35	28
QUAL	2	148	73	45	28	31
QUAL	2	149	88	50	38	27
QUAL	2	150	63	28	35	27
QUAL	2	151	62	32	30	10
QUAL	2	152	67	35	32	17
QUAL	2	153	102	54	48	12
QUAL	2	154	105	53	52	10
QUAL	2	155	133	67	66	11
QUAL	2	156	106	53	53	16
QUAL	2	157	115	55	60	8
QUAL	2	158	73	39	34	10
QUAL	2	159	80	41	39	10
QUAL	2	160	49	19	30	4
QUAL	2	161	59	32	27	2
QUAL	2	162	51	28	23	1
QUAL	2	163	40	21	19	9
QUAL	2	164	44	25	19	3
QUAL	2	165	85	54	31	0
QUAL	2	166	48	26	22	4
QUAL	2	167	22	12	10	1
QUAL	2	168	13	6	7	1
QUAL	2	169	3	1	2	3
QUAL	2	170	3	0	3	3
QUAL	2	171	11	5	6	2
QUAL	2	172	1	0	1	1
QUAL	2	173	6	2	4	2
QUAL	2	174	3	0	3	2
QUAL	2	175	5	2	3	2
QUAL	2	176	4	2	2	1
QUAL	2	177	1	1	0	2
QUAL	2	178	2	0	2	3
QUAL	2	179	2	1	1	0
QUAL	2	180	1	1	0	3
QUAL	2	181	0	0	0	2
QUAL	2	182	2	1	1	1
QUAL	2	183	2	1	1	2
QUAL	2	184	2	1	1	1
QUAL	2	185	3	3	0	0
QUAL	2	186	2	2	0	0
QUAL	2	187	1	1	0	0
QUAL	2	188	3	1	2	2
QUAL	2	189	2	1	1	1
QUAL	2	190	3	3	0	0
QUAL	2	191	4	2	2	1
QUAL	2	192	4	3	1	5
QUAL	2	193	5	2	3	0
QUAL	2	194	1	1	0	0
QUAL	2	195	2	1	1	2
QUAL	2	196	4	2	2	0
QUAL	2	197	3	0	3	1
QUAL	2	198	2	1	1	0
QUAL	2	200	2	1	1	0
QUAL	2	201	3	2	1	0
QUAL	2	202	0	0	0	1
QUAL	2	203	1	0	1	3
QUAL	2	205	1	0	1	0
QUAL	2	206	1	0	1	4
QUAL	2	207	1	1	0	0
QUAL	2	208	1	0	1	0
QUAL	2	209	3	2	1	0
QUAL	2	210	4	2	2	1
QUAL	2	212	0	0	0	1
QUAL	2	213	1	1	0	0
QUAL	2	216	0	0	0	1
QUAL	2	217	3	2	1	1
QUAL	2	219	2	1	1	0
QUAL	2	220	2	2	0	0
QUAL	2	222	2	0	2	0
QUAL	2	225	2	2	0	0
QUAL	2	226	1	1	0	0
QUAL	2	227	0	0	0	1
QUAL	2	228	1	1	0	0
QUAL	2	230	2	1	1	1
QUAL	2	231	1	0	1	0
QUAL	2	232	1	0	1	0
QUAL	2	235	2	2	0	0
QUAL	2	236	1	0	1	1
QUAL	2	237	1	1	0	0
QUAL	2	238	1	0	1	0
QUAL	2	241	2	0	2	1
QUAL	2	243	1	0	1	0
QUAL	2	244	3	2	1	0
QUAL	2	256	1	1	0	0
QUAL	2	258	1	0	1	0
QUAL	2	260	1	1	0	0
QUAL	2	261	1	0	1	0
QUAL	2	267	1	0	1	0
QUAL	2	273	1	1	0	0
QUAL	2	276	1	1	0	0
QUAL	2	290	1	1	0	0
QUAL	2	293	0	0	0	1
QUAL	2	295	1	0	1	0
QUAL	2	296	0	0	0	1
QUAL	2	314	1	0	1	0
QUAL	2	315	1	0	1	0
QUAL	2	323	1	1	0	0
QUAL	2	332	1	1	0	0
QUAL	2	348	1	1	0	0
QUAL	2	353	1	1	0	0
QUAL	2	998	101099	56032	45067	14145
# IDD, InDel distribution:
# IDD	[2]id	[3]length (deletions negative)	[4]count
IDD	0	-39	1
IDD	0	-37	2
IDD	0	-36	2
IDD	0	-35	4
IDD	0	-34	3
IDD	0	-33	6
IDD	0	-32	4
IDD	0	-31	4
IDD	0	-30	11
IDD	0	-29	8
IDD	0	-28	6
IDD	0	-27	9
IDD	0	-26	11
IDD	0	-25	4
IDD	0	-24	13
IDD	0	-23	13
IDD	0	-22	21
IDD	0	-21	20
IDD	0	-20	30
IDD	0	-19	32
IDD	0	-18	28
IDD	0	-17	20
IDD	0	-16	22
IDD	0	-15	25
IDD	0	-14	38
IDD	0	-13	33
IDD	0	-12	47
IDD	0	-11	86
IDD	0	-10	84
IDD	0	-9	65
IDD	0	-8	100
IDD	0	-7	114
IDD	0	-6	142
IDD	0	-5	123
IDD	0	-4	220
IDD	0	-3	338
IDD	0	-2	594
IDD	0	-1	2085
IDD	0	1	1979
IDD	0	2	802
IDD	0	3	323
IDD	0	4	160
IDD	0	5	93
IDD	0	6	153
IDD	0	7	60
IDD	0	8	67
IDD	0	9	61
IDD	0	10	46
IDD	0	11	31
IDD	0	12	41
IDD	0	13	15
IDD	0	14	19
IDD	0	15	18
IDD	0	16	11
IDD	0	17	10
IDD	0	18	19
IDD	0	19	9
IDD	0	20	10
IDD	0	21	7
IDD	0	22	5
IDD	0	23	1
IDD	0	24	4
IDD	1	-38	1
IDD	1	-36	2
IDD	1	-35	2
IDD	1	-34	1
IDD	1	-33	2
IDD	1	-32	1
IDD	1	-31	1
IDD	1	-29	1
IDD	1	-28	1
IDD	1	-26	1
IDD	1	-25	2
IDD	1	-23	1
IDD	1	-22	2
IDD	1	-21	7
IDD	1	-20	3
IDD	1	-19	4
IDD	1	-18	4
IDD	1	-17	2
IDD	1	-16	4
IDD	1	-15	3
IDD	1	-14	1
IDD	1	-13	1
IDD	1	-12	1
IDD	1	-11	9
IDD	1	-10	7
IDD	1	-9	5
IDD	1	-8	13
IDD	1	-7	17
IDD	1	-6	11
IDD	1	-5	11
IDD	1	-4	12
IDD	1	-3	48
IDD	1	-2	87
IDD	1	-1	352
IDD	1	1	291
IDD	1	2	72
IDD	1	3	27
IDD	1	4	14
IDD	1	5	7
IDD	1	6	10
IDD	1	7	4
IDD	1	8	3
IDD	1	9	6
IDD	1	10	8
IDD	1	11	12
IDD	1	12	3
IDD	1	14	2
IDD	1	15	1
IDD	1	16	2
IDD	1	17	1
IDD	1	18	2
IDD	1	19	2
IDD	1	21	3
IDD	2	-38	2
IDD	2	-36	3
IDD	2	-35	2
IDD	2	-34	2
IDD	2	-33	2
IDD	2	-32	9
IDD	2	-31	12
IDD	2	-30	14
IDD	2	-29	8
IDD	2	-28	8
IDD	2	-27	14
IDD	2	-26	15
IDD	2	-25	11
IDD	2	-24	26
IDD	2	-23	22
IDD	2	-22	33
IDD	2	-21	29
IDD	2	-20	47
IDD	2	-19	45
IDD	2	-18	51
IDD	2	-17	44
IDD	2	-16	56
IDD	2	-15	46
IDD	2	-14	58
IDD	2	-13	60
IDD	2	-12	126
IDD	2	-11	115
IDD	2	-10	150
IDD	2	-9	194
IDD	2	-8	227
IDD	2	-7	223
IDD	2	-6	337
IDD	2	-5	264
IDD	2	-4	429
IDD	2	-3	654
IDD	2	-2	1611
IDD	2	-1	6421
IDD	2	1	5713
IDD	2	2	1536
IDD	2	3	559
IDD	2	4	269
IDD	2	5	166
IDD	2	6	193
IDD	2	7	132
IDD	2	8	134
IDD	2	9	104
IDD	2	10	63
IDD	2	11	67
IDD	2	12	69
IDD	2	13	30
IDD	2	14	32
IDD	2	15	38
IDD	2	16	32
IDD	2	17	13
IDD	2	18	27
IDD	2	19	17
IDD	2	20	20
IDD	2	21	10
IDD	2	22	6
IDD	2	23	2
IDD	2	24	1
IDD	2	25	2
# ST, Substitution types:
# ST	[2]id	[3]type	[4]count
ST	0	A>C	4478
ST	0	A>G	8692
ST	0	A>T	6606
ST	0	C>A	4263
ST	0	C>G	1851
ST	0	C>T	8845
ST	0	G>A	8824
ST	0	G>C	1847
ST	0	G>T	4222
ST	0	T>A	6441
ST	0	T>C	8566
ST	0	T>G	4482
ST	1	A>C	4935
ST	1	A>G	6211
ST	1	A>T	3893
ST	1	C>A	3319
ST	1	C>G	1450
ST	1	C>T	4410
ST	1	G>A	4384
ST	1	G>C	1430
ST	1	G>T	3322
ST	1	T>A	3898
ST	1	T>C	6027
ST	1	T>G	4922
ST	2	A>C	6394
ST	2	A>G	15368
ST	2	A>T	10927
ST	2	C>A	6457
ST	2	C>G	3080
ST	2	C>T	16461
ST	2	G>A	16758
ST	2	G>C	3194
ST	2	G>T	6657
ST	2	T>A	10748
ST	2	T>C	15301
ST	2	T>G	6352
SN	2	Number of samples:	24
# GCsAF, Genotype concordance by non-reference allele frequency (SNPs)
# GCsAF	[2]id	[3]allele frequency	[4]RR Hom matches	[5]RA Het matches	[6]AA Hom matches	[7]RR Hom mismatches	[8]RA Het mismatches	[9]AA Hom mismatches	[10]dosage r-squared	[11]number of sites
GCsAF	2	4.000000	953003	5310	32975	5691	3828	4337	0.924955	41881
GCsAF	2	6.000000	119477	5115	2155	4692	5837	1012	0.484460	5762
GCsAF	2	8.000000	214389	4692	12824	4814	5042	2679	0.755817	10185
GCsAF	2	10.000000	53418	4553	1695	3744	4920	766	0.451697	2879
GCsAF	2	12.000000	115037	4850	11481	3806	4508	1486	0.752829	5882
GCsAF	2	14.000000	31736	4336	1734	2912	3981	733	0.443526	1893
GCsAF	2	16.000000	51566	3953	6740	2685	3185	1255	0.683003	2891
GCsAF	2	18.000000	22594	3900	2092	1822	3116	844	0.495925	1432
GCsAF	2	20.000000	58711	3528	12392	1634	2436	1291	0.798889	3333
GCsAF	2	22.000000	17301	4292	2356	1253	2371	819	0.548651	1183
GCsAF	2	24.000000	41715	8838	9614	1036	1852	1073	0.818864	2672
GCsAF	2	26.000000	10779	3927	2100	696	1473	465	0.591464	810
GCsAF	2	28.000000	22593	2873	7568	638	1087	833	0.792623	1483
GCsAF	2	30.000000	6785	2363	1986	476	935	415	0.535435	540
GCsAF	2	33.000000	19925	3156	8631	1171	956	889	0.592568	1447
GCsAF	2	35.000000	6871	3405	2395	829	1345	755	0.447511	650
GCsAF	2	37.000000	16884	3681	8867	1462	1297	1145	0.542001	1389
GCsAF	2	39.000000	6821	2967	3115	849	1790	1090	0.427359	693
GCsAF	2	41.000000	14048	2760	9086	1443	1510	1369	0.511064	1259
GCsAF	2	43.000000	6684	3857	4207	977	1746	1129	0.466243	775
GCsAF	2	45.000000	12658	3333	10169	1267	1421	1248	0.547859	1254
GCsAF	2	47.000000	6992	2882	6249	870	969	830	0.504470	783
GCsAF	2	49.000000	16440	1668	17289	1616	380	767	0.549148	1590
GCsAF	2	51.000000	5579	1065	6397	580	440	363	0.525980	601
GCsAF	2	53.000000	10672	812	12986	944	332	846	0.585422	1108
GCsAF	2	55.000000	3414	1187	4732	537	718	620	0.435933	467
GCsAF	2	57.000000	6513	1174	9684	779	702	900	0.524595	823
GCsAF	2	59.000000	3197	1261	5481	534	891	780	0.440377	506
GCsAF	2	61.000000	9018	936	16263	1081	754	1132	0.551810	1216
GCsAF	2	63.000000	2840	578	5964	483	749	642	0.450899	469
GCsAF	2	66.000000	5886	267	12640	622	349	684	0.709821	852
GCsAF	2	68.000000	1115	156	2863	158	268	192	0.486107	198
GCsAF	2	70.000000	4589	103	12175	459	119	243	0.767577	737
GCsAF	2	72.000000	1282	67	4149	217	237	144	0.490237	254
GCsAF	2	74.000000	6098	73	20799	858	163	305	0.738531	1179
GCsAF	2	76.000000	1184	94	5041	230	301	182	0.412315	293
GCsAF	2	78.000000	3981	88	16475	324	182	262	0.772268	888
GCsAF	2	80.000000	570	90	3564	172	208	148	0.263955	198
GCsAF	2	82.000000	1247	96	7502	193	120	130	0.666535	387
GCsAF	2	84.000000	296	116	2977	133	153	189	0.289073	161
GCsAF	2	86.000000	925	118	7825	113	122	161	0.762513	386
GCsAF	2	88.000000	66	88	1590	50	110	160	0.262551	86
GCsAF	2	90.000000	173	69	2695	26	69	184	0.642456	134
GCsAF	2	92.000000	17	45	957	12	68	269	0.319112	57
GCsAF	2	94.000000	17	32	991	3	44	305	0.534423	58
GCsAF	2	96.000000	0	11	371	0	11	135	0.476453	22
GCsAF	2	99.000000	0	0	5913	0	0	39	1.000000	248
# Non-Reference Discordance (NRD), SNPs
# NRDs	[2]id	[3]NRD	[4]Ref/Ref discordance	[5]Ref/Alt discordance	[6]Alt/Alt discordance
NRDs	2	26.090553	2.571259	37.996799	9.438827
# GCiAF, Genotype concordance by non-reference allele frequency (indels)
# GCiAF	[2]id	[3]allele frequency	[4]RR Hom matches	[5]RA Het matches	[6]AA Hom matches	[7]RR Hom mismatches	[8]RA Het mismatches	[9]AA Hom mismatches	[10]dosage r-squared	[11]number of sites
GCiAF	2	4.000000	124458	377	4515	546	269	611	0.961310	5449
GCiAF	2	6.000000	12989	486	271	492	497	169	0.593524	621
GCiAF	2	8.000000	33566	399	2207	447	391	526	0.839698	1564
GCiAF	2	10.000000	7713	491	351	408	424	189	0.576021	399
GCiAF	2	12.000000	21017	424	2313	501	388	413	0.826153	1044
GCiAF	2	14.000000	5420	439	391	387	411	248	0.539197	304
GCiAF	2	16.000000	11630	289	1779	356	339	367	0.774241	615
GCiAF	2	18.000000	4336	305	524	306	356	293	0.553707	255
GCiAF	2	20.000000	14541	196	3312	294	230	435	0.843679	792
GCiAF	2	22.000000	3619	228	677	210	291	279	0.546614	221
GCiAF	2	24.000000	9678	203	2788	135	151	365	0.839958	555
GCiAF	2	26.000000	2630	142	666	101	206	239	0.562689	166
GCiAF	2	28.000000	6167	82	2279	85	96	243	0.837666	373
GCiAF	2	30.000000	1375	104	489	83	115	114	0.517358	95
GCiAF	2	33.000000	4948	175	2338	345	151	227	0.557069	341
GCiAF	2	35.000000	2284	317	994	246	358	241	0.403035	185
GCiAF	2	37.000000	5212	606	2741	533	504	484	0.486450	420
GCiAF	2	39.000000	2189	604	1089	313	453	368	0.405758	209
GCiAF	2	41.000000	4471	950	2826	573	750	534	0.461369	421
GCiAF	2	43.000000	2053	967	1319	354	510	389	0.435668	233
GCiAF	2	45.000000	4011	1171	3120	461	753	516	0.526758	418
GCiAF	2	47.000000	1856	877	1608	283	345	311	0.484235	220
GCiAF	2	49.000000	2745	480	2819	287	104	213	0.557597	277
GCiAF	2	51.000000	1108	515	1274	191	176	168	0.493668	143
GCiAF	2	53.000000	2139	481	2671	278	405	266	0.489890	260
GCiAF	2	55.000000	1351	874	1900	279	402	378	0.442657	216
GCiAF	2	57.000000	2039	626	3094	330	396	427	0.462395	288
GCiAF	2	59.000000	1301	811	2303	303	598	516	0.412723	243
GCiAF	2	61.000000	2526	604	4671	396	518	573	0.474958	387
GCiAF	2	63.000000	839	307	1820	187	310	305	0.369825	157
GCiAF	2	66.000000	1471	137	3167	173	143	261	0.655994	223
GCiAF	2	68.000000	255	65	669	49	77	85	0.417910	50
GCiAF	2	70.000000	1042	17	2807	128	37	73	0.736122	171
GCiAF	2	72.000000	278	29	948	65	52	44	0.394147	59
GCiAF	2	74.000000	1304	33	4341	156	59	131	0.723773	251
GCiAF	2	76.000000	266	36	1272	90	66	46	0.395159	74
GCiAF	2	78.000000	1243	41	5237	139	75	177	0.713954	288
GCiAF	2	80.000000	216	60	1480	94	94	120	0.252426	86
GCiAF	2	82.000000	537	64	3358	103	88	146	0.582353	179
GCiAF	2	84.000000	94	51	1026	55	71	143	0.238761	60
GCiAF	2	86.000000	242	72	2326	49	84	179	0.604593	123
GCiAF	2	88.000000	33	54	899	32	71	135	0.199817	51
GCiAF	2	90.000000	68	40	1224	22	60	266	0.466436	70
GCiAF	2	92.000000	9	30	639	3	63	192	0.195555	39
GCiAF	2	94.000000	13	18	777	3	32	141	0.511602	41
GCiAF	2	96.000000	0	12	355	0	10	151	0.411051	22
GCiAF	2	99.000000	0	0	9865	0	0	119	1.000000	416
# Non-Reference Discordance (NRD), indels
# NRDi	[2]id	[3]NRD	[4]Ref/Ref discordance	[5]Ref/Alt discordance	[6]Alt/Alt discordance
NRDi	2	23.861713	3.231093	43.393367	11.406702
# GCcS, Genotype concordance by sample (SNPs)
# GCsS	[2]id	[3]sample	[4]non-reference discordance rate	[5]RR Hom matches	[6]RA Het matches	[7]AA Hom matches	[8]RR Hom mismatches	[9]RA Het mismatches	[10]AA Hom mismatches
GCsS	2	CB4854	25.452	93543	4286	13710	2032	2682	1430
GCsS	2	CB4932	58.112	111433	1343	1275	1905	1575	152
GCsS	2	CX11271	21.014	87156	5070	19042	2119	2811	1485
GCsS	2	ED3040	20.436	91616	4874	15866	2077	2273	977
GCsS	2	ED3077	17.624	89834	4489	18452	1654	2145	1109
GCsS	2	EG4946	29.623	94917	4432	11590	2318	3005	1421
GCsS	2	JU1530	33.828	97552	3980	9341	2518	2969	1323
GCsS	2	JU1652	80.364	89658	1775	3728	11367	4497	6658
GCsS	2	JU323	21.454	94517	4039	14157	1740	2249	981
GCsS	2	JU367	49.952	112512	839	1749	1285	1150	148
GCsS	2	JU561	32.645	106116	1538	6253	1532	1737	507
GCsS	2	JU774	23.112	91112	5209	15221	2220	2848	1073
GCsS	2	JU847	42.567	105091	2152	5080	2550	2208	602
GCsS	2	MY18	25.046	99556	2476	11111	1748	1971	821
GCsS	2	NIC200	24.959	90418	5342	15118	2346	3039	1420
GCsS	2	PS2025	17.992	87497	5783	18972	1780	2398	1253
GCsS	2	QG537	20.263	78049	8012	23591	1966	3473	2592
GCsS	2	QG558	27.453	88240	5765	15595	2610	3628	1845
GCsS	2	QX1216	17.859	61024	10253	36287	1893	4400	3826
GCsS	2	WN2010	23.039	87521	5460	17753	2218	3344	1387
GCsS	2	WN2013	22.471	87417	5456	18009	2171	3065	1565
GCsS	2	WN2016	18.171	87040	5750	19325	1884	2696	988
GCsS	2	WN2019	20.863	87285	5265	18791	2064	3132	1146
GCsS	2	WN2020	23.799	87505	5258	17738	2238	3408	1536
# GCiS, Genotype concordance by sample (indels)
# GCiS	[2]id	[3]sample	[4]non-reference discordance rate	[5]RR Hom matches	[6]RA Het matches	[7]AA Hom matches	[8]RR Hom mismatches	[9]RA Het mismatches	[10]AA Hom mismatches
GCiS	2	CB4854	23.712	13558	897	4154	436	604	530
GCiS	2	CB4932	48.028	18049	250	857	601	310	112
GCiS	2	CX11271	17.413	12828	592	5479	274	474	532
GCiS	2	ED3040	17.694	14047	501	4546	292	394	399
GCiS	2	ED3077	14.955	13245	587	5310	245	357	435
GCiS	2	EG4946	27.963	14661	705	3270	413	568	562
GCiS	2	JU1530	32.700	14861	819	2760	591	637	511
GCiS	2	JU1652	68.848	12523	868	1517	2743	707	1821
GCiS	2	JU323	17.799	14426	553	4176	251	397	376
GCiS	2	JU367	33.757	18526	151	944	272	197	89
GCiS	2	JU561	26.848	16581	335	2297	377	355	234
GCiS	2	JU774	21.255	13884	647	4310	395	521	422
GCiS	2	JU847	36.527	15900	610	2106	636	572	355
GCiS	2	MY18	21.518	14528	517	3918	341	463	412
GCiS	2	NIC200	23.270	13849	738	4119	382	543	548
GCiS	2	PS2025	14.929	13186	605	5344	216	380	448
GCiS	2	QG537	19.574	13364	740	4741	316	492	526
GCiS	2	QG558	28.110	13153	1020	4031	462	759	754
GCiS	2	QX1216	18.505	9409	1517	7260	415	744	834
GCiS	2	WN2010	21.668	12361	774	5350	314	699	681
GCiS	2	WN2013	19.823	12365	739	5526	303	574	672
GCiS	2	WN2016	13.460	12408	566	6159	228	413	405
GCiS	2	WN2019	16.765	12371	597	5902	283	519	507
GCiS	2	WN2020	20.513	12384	733	5463	315	633	651
# PSC, Per-sample counts
# PSC	[2]id	[3]sample	[4]nRefHom	[5]nNonRefHom	[6]nHets	[7]nTransitions	[8]nTransversions	[9]nIndels	[10]average depth	[11]nSingletons
PSC	0	CB4854	60088	1666	7352	3937	5081	1874	15.4	2199
PSC	0	CB4932	63634	247	5225	2109	3363	501	18.9	1336
PSC	0	CX11271	58824	2697	7585	4679	5603	2044	14.7	1476
PSC	0	ED3040	59941	2186	6979	4105	5060	1633	20.7	1118
PSC	0	ED3077	60309	2207	6590	3760	5037	2082	21.3	1192
PSC	0	EG4946	59421	2043	7642	4442	5243	1456	12.8	1762
PSC	0	JU1530	60504	1302	7300	3657	4945	1376	10.9	1863
PSC	0	JU1652	58038	2131	8937	5109	5959	1656	11.6	4491
PSC	0	JU323	60747	1923	6436	3564	4795	1783	20.8	1083
PSC	0	JU367	64407	341	4358	1666	3033	491	25.8	826
PSC	0	JU561	62434	831	5841	2680	3992	1020	17.6	1508
PSC	0	JU774	59558	2120	7428	4297	5251	1645	17.2	1409
PSC	0	JU847	62095	705	6306	2785	4226	994	12.6	1612
PSC	0	MY18	61631	1408	6067	3138	4337	1492	20.5	1399
PSC	0	NIC200	58554	2439	8113	4805	5747	1803	15.6	1693
PSC	0	PS2025	58702	2668	7736	4786	5618	2103	18.6	1580
PSC	0	QG537	58074	2482	8550	5054	5978	2003	19.3	3722
PSC	0	QG558	58259	2319	8528	5000	5847	1921	11.1	2176
PSC	0	QX1216	55949	2915	10242	5910	7247	3148	18.6	6735
PSC	0	WN2010	58501	2506	8099	4831	5774	1938	13.8	1594
PSC	0	WN2013	58729	2567	7810	4779	5598	2007	16.5	1280
PSC	0	WN2016	58732	2676	7698	4614	5760	2122	20.0	945
PSC	0	WN2019	58744	2615	7747	4581	5781	2050	16.1	1017
PSC	0	WN2020	58529	2535	8042	4799	5778	1998	13.6	1493
PSC	1	CB4854	44179	6	4016	1201	2821	135	12.7	1786
PSC	1	CB4932	45811	1	2389	1138	1252	51	13.3	1486
PSC	1	CX11271	44145	11	4045	1187	2869	119	17.2	1637
PSC	1	ED3040	44810	1	3390	1093	2298	90	18.5	1337
PSC	1	ED3077	45019	6	3176	1002	2180	137	10.6	1172
PSC	1	EG4946	44032	3	4166	1375	2794	81	19.4	1911
PSC	1	JU1530	45656	2	2543	1162	1383	83	16.0	1518
PSC	1	JU1652	48191	1	9	5	5	49	9.5	0
PSC	1	JU323	45217	10	2974	913	2071	122	17.9	1063
PSC	1	JU367	46292	1	1908	873	1036	32	13.6	1201
PSC	1	JU561	45950	1	2250	1010	1241	66	15.8	1401
PSC	1	JU774	44714	6	3481	1070	2417	112	9.5	1344
PSC	1	JU847	43940	1	4260	1252	3009	74	14.5	1861
PSC	1	MY18	44993	3	3205	963	2245	97	8.7	1246
PSC	1	NIC200	44103	4	4094	1404	2694	104	0.0	1813
PSC	1	PS2025	44396	11	3794	1284	2521	135	19.3	1711
PSC	1	QG537	44943	51	3207	1613	1645	205	14.3	2299
PSC	1	QG558	43893	3	4305	1346	2962	122	16.8	1960
PSC	1	QX1216	44922	43	3236	1623	1656	416	16.2	2496
PSC	1	WN2010	45635	1	2565	1288	1278	111	13.3	1613
PSC	1	WN2013	45718	4	2479	1187	1296	116	15.5	1500
PSC	1	WN2016	46441	6	1754	780	980	108	21.2	859
PSC	1	WN2019	46361	3	1837	793	1047	95	16.5	855
PSC	1	WN2020	45674	3	2524	1218	1309	92	13.1	1551
PSC	2	CB4854	95575	15140	6968	11838	10270	6185	18.3	3034
PSC	2	CB4932	113338	1427	2918	2036	2309	1529	21.3	132
PSC	2	CX11271	89275	20527	7881	15383	13025	7077	17.4	1152
PSC	2	ED3040	93693	16843	7147	12946	11044	5840	24.0	149
PSC	2	ED3077	91488	19561	6634	14116	12079	6689	24.9	2012
PSC	2	EG4946	97235	13011	7437	10986	9462	5105	14.5	108
PSC	2	JU1530	100070	10664	6949	9358	8255	4727	13.2	271
PSC	2	JU1652	101025	10386	6272	8847	7811	4913	13.8	76
PSC	2	JU323	96257	15138	6288	11463	9963	5502	24.6	431
PSC	2	JU367	113797	1897	1989	1837	2049	1381	27.8	126
PSC	2	JU561	107648	6760	3275	5060	4975	3221	19.0	275
PSC	2	JU774	93332	16294	8057	13125	11226	5900	20.4	278
PSC	2	JU847	107641	5682	4360	5132	4910	3643	14.7	147
PSC	2	MY18	101304	11932	4447	8682	7697	5310	24.2	1734
PSC	2	NIC200	92764	16538	8381	13441	11478	5948	18.1	711
PSC	2	PS2025	89277	20225	8181	15205	13201	6777	20.7	1169
PSC	2	QG537	80015	26183	11485	20808	16860	6499	21.9	13680
PSC	2	QG558	90850	17440	9393	14430	12403	6564	13.7	833
PSC	2	QX1216	62917	40113	14653	29715	25051	10355	21.3	30704
PSC	2	WN2010	89739	19140	8804	15176	12768	7504	17.1	41
PSC	2	WN2013	89588	19574	8521	15225	12870	7511	20.7	43
PSC	2	WN2016	88924	20313	8446	15557	13202	7543	23.9	49
PSC	2	WN2019	89349	19937	8397	15297	13037	7525	19.8	34
PSC	2	WN2020	89743	19274	8666	15106	12834	7480	17.1	43
# DP, Depth distribution
# DP	[2]id	[3]bin	[4]number of genotypes	[5]fraction of genotypes (%)
DP	0	0	129397	6.969868
DP	0	1	88269	4.754541
DP	0	2	85536	4.607330
DP	0	3	80220	4.320988
DP	0	4	76457	4.118297
DP	0	5	72398	3.899662
DP	0	6	67023	3.610142
DP	0	7	64392	3.468425
DP	0	8	62360	3.358973
DP	0	9	59389	3.198942
DP	0	10	57202	3.081141
DP	0	11	55534	2.991296
DP	0	12	53478	2.880551
DP	0	13	51815	2.790975
DP	0	14	50137	2.700590
DP	0	15	48997	2.639185
DP	0	16	46646	2.512550
DP	0	17	44762	2.411070
DP	0	18	42947	2.313307
DP	0	19	40970	2.206817
DP	0	20	39383	2.121335
DP	0	21	37781	2.035044
DP	0	22	35645	1.919990
DP	0	23	33660	1.813070
DP	0	24	32133	1.730819
DP	0	25	29849	1.607793
DP	0	26	27212	1.465753
DP	0	27	25697	1.384149
DP	0	28	23711	1.277174
DP	0	29	22380	1.205481
DP	0	30	20765	1.118491
DP	0	31	19169	1.032523
DP	0	32	17725	0.954743
DP	0	33	16312	0.878633
DP	0	34	14841	0.799399
DP	0	35	13859	0.746504
DP	0	36	12672	0.682567
DP	0	37	11446	0.616530
DP	0	38	10328	0.556310
DP	0	39	9631	0.518766
DP	0	40	8590	0.462694
DP	0	41	7999	0.430860
DP	0	42	7302	0.393317
DP	0	43	6761	0.364176
DP	0	44	6065	0.326686
DP	0	45	5510	0.296792
DP	0	46	5089	0.274115
DP	0	47	4630	0.249391
DP	0	48	4101	0.220897
DP	0	49	3863	0.208077
DP	0	50	3607	0.194288
DP	0	51	3245	0.174789
DP	0	52	3032	0.163316
DP	0	53	2643	0.142363
DP	0	54	2523	0.135899
DP	0	55	2272	0.122380
DP	0	56	2128	0.114623
DP	0	57	1912	0.102988
DP	0	58	1851	0.099703
DP	0	59	1664	0.089630
DP	0	60	1572	0.084675
DP	0	61	1429	0.076972
DP	0	62	1342	0.072286
DP	0	63	1347	0.072555
DP	0	64	1170	0.063021
DP	0	65	1066	0.057419
DP	0	66	1036	0.055803
DP	0	67	987	0.053164
DP	0	68	944	0.050848
DP	0	69	907	0.048855
DP	0	70	895	0.048208
DP	0	71	820	0.044169
DP	0	72	761	0.040991
DP	0	73	715	0.038513
DP	0	74	721	0.038836
DP	0	75	616	0.033180
DP	0	76	627	0.033773
DP	0	77	575	0.030972
DP	0	78	553	0.029787
DP	0	79	490	0.026393
DP	0	80	537	0.028925
DP	0	81	515	0.027740
DP	0	82	489	0.026340
DP	0	83	473	0.025478
DP	0	84	463	0.024939
DP	0	85	442	0.023808
DP	0	86	429	0.023108
DP	0	87	436	0.023485
DP	0	88	359	0.019337
DP	0	89	387	0.020845
DP	0	90	381	0.020522
DP	0	91	323	0.017398
DP	0	92	320	0.017237
DP	0	93	307	0.016536
DP	0	94	325	0.017506
DP	0	95	326	0.017560
DP	0	96	294	0.015836
DP	0	97	276	0.014867
DP	0	98	280	0.015082
DP	0	99	251	0.013520
DP	0	100	281	0.015136
DP	0	101	247	0.013304
DP	0	102	256	0.013789
DP	0	103	231	0.012443
DP	0	104	206	0.011096
DP	0	105	250	0.013466
DP	0	106	187	0.010073
DP	0	107	203	0.010934
DP	0	108	196	0.010557
DP	0	109	193	0.010396
DP	0	110	175	0.009426
DP	0	111	164	0.008834
DP	0	112	163	0.008780
DP	0	113	169	0.009103
DP	0	114	167	0.008995
DP	0	115	158	0.008511
DP	0	116	136	0.007326
DP	0	117	141	0.007595
DP	0	118	139	0.007487
DP	0	119	124	0.006679
DP	0	120	131	0.007056
DP	0	121	132	0.007110
DP	0	122	139	0.007487
DP	0	123	115	0.006194
DP	0	124	106	0.005710
DP	0	125	110	0.005925
DP	0	126	110	0.005925
DP	0	127	136	0.007326
DP	0	128	121	0.006518
DP	0	129	94	0.005063
DP	0	130	86	0.004632
DP	0	131	92	0.004956
DP	0	132	103	0.005548
DP	0	133	98	0.005279
DP	0	134	85	0.004578
DP	0	135	92	0.004956
DP	0	136	90	0.004848
DP	0	137	79	0.004255
DP	0	138	79	0.004255
DP	0	139	83	0.004471
DP	0	140	80	0.004309
DP	0	141	65	0.003501
DP	0	142	86	0.004632
DP	0	143	72	0.003878
DP	0	144	77	0.004148
DP	0	145	78	0.004201
DP	0	146	85	0.004578
DP	0	147	67	0.003609
DP	0	148	69	0.003717
DP	0	149	67	0.003609
DP	0	150	68	0.003663
DP	0	151	72	0.003878
DP	0	152	73	0.003932
DP	0	153	47	0.002532
DP	0	154	61	0.003286
DP	0	155	63	0.003393
DP	0	156	52	0.002801
DP	0	157	57	0.003070
DP	0	158	70	0.003770
DP	0	159	69	0.003717
DP	0	160	48	0.002585
DP	0	161	61	0.003286
DP	0	162	59	0.003178
DP	0	163	55	0.002963
DP	0	164	42	0.002262
DP	0	165	53	0.002855
DP	0	166	40	0.002155
DP	0	167	39	0.002101
DP	0	168	43	0.002316
DP	0	169	40	0.002155
DP	0	170	54	0.002909
DP	0	171	41	0.002208
DP	0	172	35	0.001885
DP	0	173	28	0.001508
DP	0	174	50	0.002693
DP	0	175	37	0.001993
DP	0	176	36	0.001939
DP	0	177	43	0.002316
DP	0	178	47	0.002532
DP	0	179	46	0.002478
DP	0	180	26	0.001400
DP	0	181	35	0.001885
DP	0	182	48	0.002585
DP	0	183	24	0.001293
DP	0	184	33	0.001778
DP	0	185	33	0.001778
DP	0	186	28	0.001508
DP	0	187	39	0.002101
DP	0	188	32	0.001724
DP	0	189	38	0.002047
DP	0	190	36	0.001939
DP	0	191	35	0.001885
DP	0	192	32	0.001724
DP	0	193	27	0.001454
DP	0	194	43	0.002316
DP	0	195	31	0.001670
DP	0	196	32	0.001724
DP	0	197	21	0.001131
DP	0	198	29	0.001562
DP	0	199	20	0.001077
DP	0	200	25	0.001347
DP	0	201	30	0.001616
DP	0	202	29	0.001562
DP	0	203	36	0.001939
DP	0	204	30	0.001616
DP	0	205	26	0.001400
DP	0	206	30	0.001616
DP	0	207	28	0.001508
DP	0	208	29	0.001562
DP	0	209	23	0.001239
DP	0	210	41	0.002208
DP	0	211	19	0.001023
DP	0	212	21	0.001131
DP	0	213	21	0.001131
DP	0	214	23	0.001239
DP	0	215	17	0.000916
DP	0	216	24	0.001293
DP	0	217	21	0.001131
DP	0	218	22	0.001185
DP	0	219	23	0.001239
DP	0	220	25	0.001347
DP	0	221	21	0.001131
DP	0	222	19	0.001023
DP	0	223	19	0.001023
DP	0	224	23	0.001239
DP	0	225	29	0.001562
DP	0	226	18	0.000970
DP	0	227	19	0.001023
DP	0	228	17	0.000916
DP	0	229	19	0.001023
DP	0	230	19	0.001023
DP	0	231	13	0.000700
DP	0	232	12	0.000646
DP	0	233	14	0.000754
DP	0	234	12	0.000646
DP	0	235	22	0.001185
DP	0	236	22	0.001185
DP	0	237	18	0.000970
DP	0	238	21	0.001131
DP	0	239	17	0.000916
DP	0	240	13	0.000700
DP	0	241	20	0.001077
DP	0	242	21	0.001131
DP	0	243	13	0.000700
DP	0	244	17	0.000916
DP	0	245	24	0.001293
DP	0	246	17	0.000916
DP	0	247	17	0.000916
DP	0	248	19	0.001023
DP	0	249	10	0.000539
DP	0	250	21	0.001131
DP	0	251	12	0.000646
DP	0	252	12	0.000646
DP	0	253	18	0.000970
DP	0	254	17	0.000916
DP	0	255	14	0.000754
DP	0	256	17	0.000916
DP	0	257	21	0.001131
DP	0	258	19	0.001023
DP	0	259	23	0.001239
DP	0	260	14	0.000754
DP	0	261	8	0.000431
DP	0	262	14	0.000754
DP	0	263	17	0.000916
DP	0	264	13	0.000700
DP	0	265	11	0.000593
DP	0	266	14	0.000754
DP	0	267	16	0.000862
DP	0	268	12	0.000646
DP	0	269	26	0.001400
DP	0	270	16	0.000862
DP	0	271	12	0.000646
DP	0	272	20	0.001077
DP	0	273	14	0.000754
DP	0	274	11	0.000593
DP	0	275	19	0.001023
DP	0	276	11	0.000593
DP	0	277	15	0.000808
DP	0	278	14	0.000754
DP	0	279	11	0.000593
DP	0	280	12	0.000646
DP	0	281	13	0.000700
DP	0	282	15	0.000808
DP	0	283	10	0.000539
DP	0	284	15	0.000808
DP	0	285	10	0.000539
DP	0	286	13	0.000700
DP	0	287	17	0.000916
DP	0	288	12	0.000646
DP	0	289	19	0.001023
DP	0	290	9	0.000485
DP	0	291	17	0.000916
DP	0	292	22	0.001185
DP	0	293	7	0.000377
DP	0	294	11	0.000593
DP	0	295	13	0.000700
DP	0	296	14	0.000754
DP	0	297	11	0.000593
DP	0	298	9	0.000485
DP	0	299	12	0.000646
DP	0	300	12	0.000646
DP	0	301	15	0.000808
DP	0	302	8	0.000431
DP	0	303	11	0.000593
DP	0	304	10	0.000539
DP	0	305	11	0.000593
DP	0	306	11	0.000593
DP	0	307	9	0.000485
DP	0	308	4	0.000215
DP	0	309	15	0.000808
DP	0	310	10	0.000539
DP	0	311	13	0.000700
DP	0	312	9	0.000485
DP	0	313	9	0.000485
DP	0	314	9	0.000485
DP	0	315	9	0.000485
DP	0	316	9	0.000485
DP	0	317	9	0.000485
DP	0	318	11	0.000593
DP	0	319	10	0.000539
DP	0	320	6	0.000323
DP	0	321	11	0.000593
DP	0	322	4	0.000215
DP	0	323	6	0.000323
DP	0	324	6	0.000323
DP	0	325	14	0.000754
DP	0	326	5	0.000269
DP	0	327	10	0.000539
DP	0	328	15	0.000808
DP	0	329	10	0.000539
DP	0	330	11	0.000593
DP	0	331	15	0.000808
DP	0	332	7	0.000377
DP	0	333	3	0.000162
DP	0	334	19	0.001023
DP	0	335	13	0.000700
DP	0	336	12	0.000646
DP	0	337	7	0.000377
DP	0	338	9	0.000485
DP	0	339	8	0.000431
DP	0	340	9	0.000485
DP	0	341	6	0.000323
DP	0	342	11	0.000593
DP	0	343	9	0.000485
DP	0	344	11	0.000593
DP	0	345	8	0.000431
DP	0	346	11	0.000593
DP	0	347	13	0.000700
DP	0	348	7	0.000377
DP	0	349	13	0.000700
DP	0	350	9	0.000485
DP	0	351	11	0.000593
DP	0	352	7	0.000377
DP	0	353	4	0.000215
DP	0	354	8	0.000431
DP	0	355	7	0.000377
DP	0	356	9	0.000485
DP	0	357	5	0.000269
DP	0	358	12	0.000646
DP	0	359	10	0.000539
DP	0	360	15	0.000808
DP	0	361	4	0.000215
DP	0	362	9	0.000485
DP	0	363	7	0.000377
DP	0	364	9	0.000485
DP	0	365	6	0.000323
DP	0	366	10	0.000539
DP	0	367	11	0.000593
DP	0	368	11	0.000593
DP	0	369	8	0.000431
DP	0	370	6	0.000323
DP	0	371	13	0.000700
DP	0	372	6	0.000323
DP	0	373	9	0.000485
DP	0	374	8	0.000431
DP	0	375	5	0.000269
DP	0	376	8	0.000431
DP	0	377	11	0.000593
DP	0	378	7	0.000377
DP	0	379	7	0.000377
DP	0	380	7	0.000377
DP	0	381	11	0.000593
DP	0	382	8	0.000431
DP	0	383	6	0.000323
DP	0	384	5	0.000269
DP	0	385	5	0.000269
DP	0	386	5	0.000269
DP	0	387	8	0.000431
DP	0	388	9	0.000485
DP	0	389	4	0.000215
DP	0	390	9	0.000485
DP	0	391	7	0.000377
DP	0	392	6	0.000323
DP	0	393	6	0.000323
DP	0	394	7	0.000377
DP	0	395	7	0.000377
DP	0	396	4	0.000215
DP	0	397	14	0.000754
DP	0	398	5	0.000269
DP	0	399	6	0.000323
DP	0	400	4	0.000215
DP	0	401	10	0.000539
DP	0	402	6	0.000323
DP	0	403	10	0.000539
DP	0	404	6	0.000323
DP	0	405	8	0.000431
DP	0	406	10	0.000539
DP	0	407	8	0.000431
DP	0	408	5	0.000269
DP	0	409	13	0.000700
DP	0	410	5	0.000269
DP	0	411	9	0.000485
DP	0	412	9	0.000485
DP	0	413	8	0.000431
DP	0	414	6	0.000323
DP	0	415	7	0.000377
DP	0	416	12	0.000646
DP	0	417	1	0.000054
DP	0	418	8	0.000431
DP	0	419	12	0.000646
DP	0	420	6	0.000323
DP	0	421	4	0.000215
DP	0	422	5	0.000269
DP	0	423	10	0.000539
DP	0	424	9	0.000485
DP	0	425	5	0.000269
DP	0	426	7	0.000377
DP	0	427	8	0.000431
DP	0	428	11	0.000593
DP	0	429	6	0.000323
DP	0	430	3	0.000162
DP	0	431	11	0.000593
DP	0	432	8	0.000431
DP	0	433	5	0.000269
DP	0	434	5	0.000269
DP	0	435	7	0.000377
DP	0	436	7	0.000377
DP	0	437	6	0.000323
DP	0	438	5	0.000269
DP	0	439	5	0.000269
DP	0	440	7	0.000377
DP	0	441	2	0.000108
DP	0	442	6	0.000323
DP	0	443	8	0.000431
DP	0	444	9	0.000485
DP	0	445	4	0.000215
DP	0	446	8	0.000431
DP	0	447	5	0.000269
DP	0	448	8	0.000431
DP	0	449	3	0.000162
DP	0	450	8	0.000431
DP	0	451	6	0.000323
DP	0	452	5	0.000269
DP	0	453	5	0.000269
DP	0	454	7	0.000377
DP	0	455	8	0.000431
DP	0	456	8	0.000431
DP	0	457	5	0.000269
DP	0	458	8	0.000431
DP	0	459	6	0.000323
DP	0	460	5	0.000269
DP	0	461	2	0.000108
DP	0	462	4	0.000215
DP	0	463	6	0.000323
DP	0	464	7	0.000377
DP	0	465	7	0.000377
DP	0	466	10	0.000539
DP	0	467	12	0.000646
DP	0	468	8	0.000431
DP	0	469	7	0.000377
DP	0	470	4	0.000215
DP	0	471	1	0.000054
DP	0	472	4	0.000215
DP	0	473	5	0.000269
DP	0	474	4	0.000215
DP	0	475	9	0.000485
DP	0	476	4	0.000215
DP	0	477	12	0.000646
DP	0	478	4	0.000215
DP	0	479	8	0.000431
DP	0	480	6	0.000323
DP	0	481	2	0.000108
DP	0	482	1	0.000054
DP	0	483	2	0.000108
DP	0	484	7	0.000377
DP	0	485	6	0.000323
DP	0	486	8	0.000431
DP	0	487	5	0.000269
DP	0	488	6	0.000323
DP	0	489	6	0.000323
DP	0	490	9	0.000485
DP	0	491	7	0.000377
DP	0	492	4	0.000215
DP	0	493	2	0.000108
DP	0	494	6	0.000323
DP	0	495	5	0.000269
DP	0	496	2	0.000108
DP	0	497	8	0.000431
DP	0	498	4	0.000215
DP	0	499	5	0.000269
DP	0	500	1	0.000054
DP	0	>500	1319	0.071047
DP	1	0	86558	7.317514
DP	1	1	31205	2.638035
DP	1	2	36558	3.090572
DP	1	3	38897	3.288308
DP	1	4	41081	3.472941
DP	1	5	42463	3.589774
DP	1	6	43160	3.648697
DP	1	7	43501	3.677525
DP	1	8	44640	3.773815
DP	1	9	44154	3.732729
DP	1	10	44715	3.780155
DP	1	11	43755	3.698998
DP	1	12	43164	3.649035
DP	1	13	42535	3.595860
DP	1	14	41354	3.496020
DP	1	15	40342	3.410467
DP	1	16	38953	3.293042
DP	1	17	37134	3.139266
DP	1	18	35775	3.024378
DP	1	19	33873	2.863585
DP	1	20	31805	2.688758
DP	1	21	29862	2.524499
DP	1	22	27618	2.334794
DP	1	23	25519	2.157347
DP	1	24	23616	1.996470
DP	1	25	21483	1.816148
DP	1	26	18671	1.578425
DP	1	27	17062	1.442402
DP	1	28	15472	1.307985
DP	1	29	13673	1.155900
DP	1	30	12502	1.056905
DP	1	31	10886	0.920290
DP	1	32	9955	0.841584
DP	1	33	8776	0.741913
DP	1	34	7804	0.659741
DP	1	35	6811	0.575794
DP	1	36	6010	0.508079
DP	1	37	5143	0.434783
DP	1	38	4559	0.385413
DP	1	39	4034	0.341030
DP	1	40	3536	0.298929
DP	1	41	3044	0.257336
DP	1	42	2658	0.224704
DP	1	43	2220	0.187676
DP	1	44	2021	0.170853
DP	1	45	1746	0.147605
DP	1	46	1451	0.122666
DP	1	47	1236	0.104490
DP	1	48	1094	0.092486
DP	1	49	950	0.080312
DP	1	50	853	0.072112
DP	1	51	702	0.059346
DP	1	52	607	0.051315
DP	1	53	521	0.044045
DP	1	54	458	0.038719
DP	1	55	420	0.035506
DP	1	56	380	0.032125
DP	1	57	318	0.026883
DP	1	58	267	0.022572
DP	1	59	236	0.019951
DP	1	60	233	0.019698
DP	1	61	163	0.013780
DP	1	62	169	0.014287
DP	1	63	140	0.011835
DP	1	64	132	0.011159
DP	1	65	118	0.009976
DP	1	66	105	0.008877
DP	1	67	90	0.007608
DP	1	68	97	0.008200
DP	1	69	93	0.007862
DP	1	70	82	0.006932
DP	1	71	87	0.007355
DP	1	72	70	0.005918
DP	1	73	64	0.005410
DP	1	74	70	0.005918
DP	1	75	71	0.006002
DP	1	76	54	0.004565
DP	1	77	48	0.004058
DP	1	78	42	0.003551
DP	1	79	37	0.003128
DP	1	80	43	0.003635
DP	1	81	46	0.003889
DP	1	82	36	0.003043
DP	1	83	37	0.003128
DP	1	84	29	0.002452
DP	1	85	36	0.003043
DP	1	86	31	0.002621
DP	1	87	28	0.002367
DP	1	88	32	0.002705
DP	1	89	32	0.002705
DP	1	90	30	0.002536
DP	1	91	25	0.002113
DP	1	92	24	0.002029
DP	1	93	18	0.001522
DP	1	94	18	0.001522
DP	1	95	20	0.001691
DP	1	96	11	0.000930
DP	1	97	26	0.002198
DP	1	98	24	0.002029
DP	1	99	18	0.001522
DP	1	100	16	0.001353
DP	1	101	11	0.000930
DP	1	102	17	0.001437
DP	1	103	15	0.001268
DP	1	104	19	0.001606
DP	1	105	14	0.001184
DP	1	106	14	0.001184
DP	1	107	17	0.001437
DP	1	108	15	0.001268
DP	1	109	7	0.000592
DP	1	110	13	0.001099
DP	1	111	19	0.001606
DP	1	112	7	0.000592
DP	1	113	6	0.000507
DP	1	114	5	0.000423
DP	1	115	9	0.000761
DP	1	116	13	0.001099
DP	1	117	9	0.000761
DP	1	118	8	0.000676
DP	1	119	6	0.000507
DP	1	120	9	0.000761
DP	1	121	4	0.000338
DP	1	122	8	0.000676
DP	1	123	13	0.001099
DP	1	124	3	0.000254
DP	1	125	7	0.000592
DP	1	126	7	0.000592
DP	1	127	1	0.000085
DP	1	128	4	0.000338
DP	1	129	6	0.000507
DP	1	130	2	0.000169
DP	1	131	8	0.000676
DP	1	132	9	0.000761
DP	1	133	6	0.000507
DP	1	134	4	0.000338
DP	1	135	5	0.000423
DP	1	136	4	0.000338
DP	1	137	3	0.000254
DP	1	138	4	0.000338
DP	1	139	4	0.000338
DP	1	140	8	0.000676
DP	1	141	5	0.000423
DP	1	142	6	0.000507
DP	1	143	4	0.000338
DP	1	144	10	0.000845
DP	1	145	4	0.000338
DP	1	146	6	0.000507
DP	1	147	5	0.000423
DP	1	148	3	0.000254
DP	1	149	5	0.000423
DP	1	150	3	0.000254
DP	1	151	4	0.000338
DP	1	152	1	0.000085
DP	1	153	6	0.000507
DP	1	154	3	0.000254
DP	1	155	1	0.000085
DP	1	156	2	0.000169
DP	1	157	4	0.000338
DP	1	159	4	0.000338
DP	1	160	3	0.000254
DP	1	161	3	0.000254
DP	1	162	3	0.000254
DP	1	163	2	0.000169
DP	1	164	2	0.000169
DP	1	165	3	0.000254
DP	1	166	3	0.000254
DP	1	168	3	0.000254
DP	1	169	4	0.000338
DP	1	170	1	0.000085
DP	1	172	2	0.000169
DP	1	173	1	0.000085
DP	1	175	1	0.000085
DP	1	177	2	0.000169
DP	1	178	2	0.000169
DP	1	179	1	0.000085
DP	1	180	2	0.000169
DP	1	182	2	0.000169
DP	1	184	1	0.000085
DP	1	185	1	0.000085
DP	1	186	1	0.000085
DP	1	188	1	0.000085
DP	1	189	2	0.000169
DP	1	190	2	0.000169
DP	1	191	3	0.000254
DP	1	192	1	0.000085
DP	1	193	2	0.000169
DP	1	194	2	0.000169
DP	1	195	2	0.000169
DP	1	196	1	0.000085
DP	1	197	2	0.000169
DP	1	200	1	0.000085
DP	1	202	1	0.000085
DP	1	203	1	0.000085
DP	1	204	2	0.000169
DP	1	206	1	0.000085
DP	1	208	2	0.000169
DP	1	209	2	0.000169
DP	1	211	2	0.000169
DP	1	212	2	0.000169
DP	1	217	1	0.000085
DP	1	225	1	0.000085
DP	1	226	1	0.000085
DP	1	229	1	0.000085
DP	1	230	1	0.000085
DP	1	231	1	0.000085
DP	1	233	1	0.000085
DP	1	234	1	0.000085
DP	1	238	2	0.000169
DP	1	240	1	0.000085
DP	1	241	1	0.000085
DP	1	242	2	0.000169
DP	1	244	1	0.000085
DP	1	245	1	0.000085
DP	1	246	1	0.000085
DP	1	247	1	0.000085
DP	1	248	1	0.000085
DP	1	249	1	0.000085
DP	1	251	1	0.000085
DP	1	258	1	0.000085
DP	1	259	2	0.000169
DP	1	267	1	0.000085
DP	1	269	1	0.000085
DP	1	273	2	0.000169
DP	1	277	1	0.000085
DP	1	278	1	0.000085
DP	1	279	1	0.000085
DP	1	284	1	0.000085
DP	1	286	1	0.000085
DP	1	291	1	0.000085
DP	1	299	1	0.000085
DP	1	302	1	0.000085
DP	1	310	1	0.000085
DP	1	315	1	0.000085
DP	1	318	1	0.000085
DP	1	320	1	0.000085
DP	1	322	1	0.000085
DP	1	323	1	0.000085
DP	1	325	1	0.000085
DP	1	328	2	0.000169
DP	1	330	2	0.000169
DP	1	332	1	0.000085
DP	1	333	1	0.000085
DP	1	334	1	0.000085
DP	1	349	2	0.000169
DP	1	355	1	0.000085
DP	2	0	150170	4.538657
DP	2	1	86285	2.607831
DP	2	2	92781	2.804163
DP	2	3	94400	2.853095
DP	2	4	96325	2.911275
DP	2	5	96866	2.927626
DP	2	6	96344	2.911849
DP	2	7	96436	2.914630
DP	2	8	96553	2.918166
DP	2	9	94814	2.865607
DP	2	10	94354	2.851704
DP	2	11	93415	2.823325
DP	2	12	92901	2.807790
DP	2	13	91682	2.770947
DP	2	14	90344	2.730508
DP	2	15	88801	2.683873
DP	2	16	87199	2.635456
DP	2	17	86056	2.600910
DP	2	18	84246	2.546206
DP	2	19	81595	2.466083
DP	2	20	79693	2.408598
DP	2	21	77378	2.338631
DP	2	22	74938	2.264886
DP	2	23	72073	2.178295
DP	2	24	69392	2.097266
DP	2	25	66859	2.020710
DP	2	26	64107	1.937535
DP	2	27	61210	1.849978
DP	2	28	58439	1.766229
DP	2	29	55326	1.672143
DP	2	30	52524	1.587457
DP	2	31	49444	1.494369
DP	2	32	46845	1.415818
DP	2	33	44032	1.330799
DP	2	34	41412	1.251614
DP	2	35	38451	1.162122
DP	2	36	36247	1.095510
DP	2	37	33546	1.013876
DP	2	38	31348	0.947445
DP	2	39	29127	0.880319
DP	2	40	26503	0.801012
DP	2	41	24464	0.739387
DP	2	42	22835	0.690153
DP	2	43	21075	0.636959
DP	2	44	19139	0.578447
DP	2	45	17680	0.534351
DP	2	46	16446	0.497055
DP	2	47	14933	0.451327
DP	2	48	13718	0.414605
DP	2	49	12429	0.375647
DP	2	50	11577	0.349897
DP	2	51	10517	0.317860
DP	2	52	9447	0.285521
DP	2	53	8635	0.260980
DP	2	54	8016	0.242271
DP	2	55	7248	0.219060
DP	2	56	6648	0.200926
DP	2	57	5917	0.178832
DP	2	58	5416	0.163690
DP	2	59	4887	0.147702
DP	2	60	4477	0.135310
DP	2	61	4085	0.123463
DP	2	62	3799	0.114819
DP	2	63	3423	0.103455
DP	2	64	3187	0.096322
DP	2	65	2904	0.087769
DP	2	66	2658	0.080334
DP	2	67	2327	0.070330
DP	2	68	2319	0.070088
DP	2	69	2170	0.065585
DP	2	70	2034	0.061475
DP	2	71	1738	0.052528
DP	2	72	1665	0.050322
DP	2	73	1477	0.044640
DP	2	74	1482	0.044791
DP	2	75	1313	0.039683
DP	2	76	1290	0.038988
DP	2	77	1109	0.033518
DP	2	78	1051	0.031765
DP	2	79	1030	0.031130
DP	2	80	935	0.028259
DP	2	81	937	0.028319
DP	2	82	862	0.026053
DP	2	83	833	0.025176
DP	2	84	771	0.023302
DP	2	85	752	0.022728
DP	2	86	684	0.020673
DP	2	87	625	0.018890
DP	2	88	593	0.017923
DP	2	89	571	0.017258
DP	2	90	529	0.015988
DP	2	91	515	0.015565
DP	2	92	488	0.014749
DP	2	93	470	0.014205
DP	2	94	467	0.014114
DP	2	95	421	0.012724
DP	2	96	392	0.011848
DP	2	97	408	0.012331
DP	2	98	385	0.011636
DP	2	99	345	0.010427
DP	2	100	336	0.010155
DP	2	101	329	0.009944
DP	2	102	330	0.009974
DP	2	103	312	0.009430
DP	2	104	287	0.008674
DP	2	105	297	0.008976
DP	2	106	260	0.007858
DP	2	107	281	0.008493
DP	2	108	240	0.007254
DP	2	109	223	0.006740
DP	2	110	236	0.007133
DP	2	111	215	0.006498
DP	2	112	207	0.006256
DP	2	113	184	0.005561
DP	2	114	194	0.005863
DP	2	115	164	0.004957
DP	2	116	155	0.004685
DP	2	117	171	0.005168
DP	2	118	173	0.005229
DP	2	119	166	0.005017
DP	2	120	147	0.004443
DP	2	121	124	0.003748
DP	2	122	125	0.003778
DP	2	123	119	0.003597
DP	2	124	115	0.003476
DP	2	125	129	0.003899
DP	2	126	119	0.003597
DP	2	127	101	0.003053
DP	2	128	109	0.003294
DP	2	129	87	0.002629
DP	2	130	97	0.002932
DP	2	131	97	0.002932
DP	2	132	93	0.002811
DP	2	133	69	0.002085
DP	2	134	83	0.002509
DP	2	135	86	0.002599
DP	2	136	93	0.002811
DP	2	137	64	0.001934
DP	2	138	77	0.002327
DP	2	139	51	0.001541
DP	2	140	74	0.002237
DP	2	141	57	0.001723
DP	2	142	72	0.002176
DP	2	143	65	0.001965
DP	2	144	59	0.001783
DP	2	145	69	0.002085
DP	2	146	59	0.001783
DP	2	147	52	0.001572
DP	2	148	49	0.001481
DP	2	149	55	0.001662
DP	2	150	50	0.001511
DP	2	151	56	0.001693
DP	2	152	51	0.001541
DP	2	153	44	0.001330
DP	2	154	46	0.001390
DP	2	155	45	0.001360
DP	2	156	44	0.001330
DP	2	157	41	0.001239
DP	2	158	39	0.001179
DP	2	159	41	0.001239
DP	2	160	39	0.001179
DP	2	161	45	0.001360
DP	2	162	39	0.001179
DP	2	163	32	0.000967
DP	2	164	23	0.000695
DP	2	165	40	0.001209
DP	2	166	42	0.001269
DP	2	167	32	0.000967
DP	2	168	28	0.000846
DP	2	169	25	0.000756
DP	2	170	27	0.000816
DP	2	171	26	0.000786
DP	2	172	20	0.000604
DP	2	173	34	0.001028
DP	2	174	27	0.000816
DP	2	175	23	0.000695
DP	2	176	26	0.000786
DP	2	177	30	0.000907
DP	2	178	18	0.000544
DP	2	179	27	0.000816
DP	2	180	27	0.000816
DP	2	181	25	0.000756
DP	2	182	18	0.000544
DP	2	183	22	0.000665
DP	2	184	24	0.000725
DP	2	185	16	0.000484
DP	2	186	16	0.000484
DP	2	187	15	0.000453
DP	2	188	14	0.000423
DP	2	189	12	0.000363
DP	2	190	10	0.000302
DP	2	191	17	0.000514
DP	2	192	22	0.000665
DP	2	193	14	0.000423
DP	2	194	20	0.000604
DP	2	195	15	0.000453
DP	2	196	12	0.000363
DP	2	197	14	0.000423
DP	2	198	20	0.000604
DP	2	199	9	0.000272
DP	2	200	23	0.000695
DP	2	201	18	0.000544
DP	2	202	20	0.000604
DP	2	203	16	0.000484
DP	2	204	7	0.000212
DP	2	205	7	0.000212
DP	2	206	8	0.000242
DP	2	207	9	0.000272
DP	2	208	6	0.000181
DP	2	209	13	0.000393
DP	2	210	6	0.000181
DP	2	211	13	0.000393
DP	2	212	9	0.000272
DP	2	213	16	0.000484
DP	2	214	14	0.000423
DP	2	215	13	0.000393
DP	2	216	5	0.000151
DP	2	217	9	0.000272
DP	2	218	7	0.000212
DP	2	219	8	0.000242
DP	2	220	11	0.000332
DP	2	221	5	0.000151
DP	2	222	10	0.000302
DP	2	223	5	0.000151
DP	2	224	8	0.000242
DP	2	225	5	0.000151
DP	2	226	5	0.000151
DP	2	227	9	0.000272
DP	2	228	7	0.000212
DP	2	229	4	0.000121
DP	2	230	9	0.000272
DP	2	231	11	0.000332
DP	2	232	9	0.000272
DP	2	233	7	0.000212
DP	2	234	5	0.000151
DP	2	235	5	0.000151
DP	2	236	9	0.000272
DP	2	237	9	0.000272
DP	2	238	7	0.000212
DP	2	239	5	0.000151
DP	2	240	5	0.000151
DP	2	241	6	0.000181
DP	2	242	8	0.000242
DP	2	243	1	0.000030
DP	2	244	11	0.000332
DP	2	245	3	0.000091
DP	2	246	6	0.000181
DP	2	247	11	0.000332
DP	2	248	8	0.000242
DP	2	249	3	0.000091
DP	2	250	4	0.000121
DP	2	251	7	0.000212
DP	2	252	5	0.000151
DP	2	253	10	0.000302
DP	2	254	5	0.000151
DP	2	255	5	0.000151
DP	2	256	9	0.000272
DP	2	257	3	0.000091
DP	2	258	5	0.000151
DP	2	259	6	0.000181
DP	2	260	5	0.000151
DP	2	261	4	0.000121
DP	2	262	4	0.000121
DP	2	263	5	0.000151
DP	2	264	3	0.000091
DP	2	265	6	0.000181
DP	2	266	3	0.000091
DP	2	267	10	0.000302
DP	2	268	3	0.000091
DP	2	269	5	0.000151
DP	2	270	6	0.000181
DP	2	271	6	0.000181
DP	2	272	2	0.000060
DP	2	273	5	0.000151
DP	2	274	6	0.000181
DP	2	275	4	0.000121
DP	2	276	1	0.000030
DP	2	277	3	0.000091
DP	2	278	4	0.000121
DP	2	279	3	0.000091
DP	2	280	3	0.000091
DP	2	281	9	0.000272
DP	2	282	2	0.000060
DP	2	283	7	0.000212
DP	2	284	4	0.000121
DP	2	285	5	0.000151
DP	2	286	4	0.000121
DP	2	287	7	0.000212
DP	2	288	7	0.000212
DP	2	289	5	0.000151
DP	2	290	4	0.000121
DP	2	291	3	0.000091
DP	2	292	2	0.000060
DP	2	293	3	0.000091
DP	2	294	3	0.000091
DP	2	295	1	0.000030
DP	2	296	1	0.000030
DP	2	297	2	0.000060
DP	2	298	2	0.000060
DP	2	299	2	0.000060
DP	2	300	2	0.000060
DP	2	301	4	0.000121
DP	2	302	3	0.000091
DP	2	303	3	0.000091
DP	2	304	3	0.000091
DP	2	305	2	0.000060
DP	2	306	3	0.000091
DP	2	307	1	0.000030
DP	2	308	1	0.000030
DP	2	309	1	0.000030
DP	2	310	1	0.000030
DP	2	311	4	0.000121
DP	2	312	3	0.000091
DP	2	314	3	0.000091
DP	2	315	1	0.000030
DP	2	316	1	0.000030
DP	2	317	4	0.000121
DP	2	318	5	0.000151
DP	2	319	4	0.000121
DP	2	320	2	0.000060
DP	2	322	1	0.000030
DP	2	323	2	0.000060
DP	2	324	2	0.000060
DP	2	325	1	0.000030
DP	2	326	8	0.000242
DP	2	327	3	0.000091
DP	2	328	4	0.000121
DP	2	329	3	0.000091
DP	2	330	2	0.000060
DP	2	331	1	0.000030
DP	2	332	3	0.000091
DP	2	333	4	0.000121
DP	2	334	4	0.000121
DP	2	335	3	0.000091
DP	2	336	1	0.000030
DP	2	337	3	0.000091
DP	2	338	2	0.000060
DP	2	339	1	0.000030
DP	2	340	3	0.000091
DP	2	341	1	0.000030
DP	2	343	1	0.000030
DP	2	344	3	0.000091
DP	2	345	2	0.000060
DP	2	346	3	0.000091
DP	2	347	1	0.000030
DP	2	349	2	0.000060
DP	2	350	1	0.000030
DP	2	351	2	0.000060
DP	2	352	2	0.000060
DP	2	355	3	0.000091
DP	2	356	2	0.000060
DP	2	359	3	0.000091
DP	2	360	3	0.000091
DP	2	361	1	0.000030
DP	2	362	3	0.000091
DP	2	363	1	0.000030
DP	2	364	1	0.000030
DP	2	366	1	0.000030
DP	2	367	1	0.000030
DP	2	368	1	0.000030
DP	2	369	1	0.000030
DP	2	370	1	0.000030
DP	2	371	2	0.000060
DP	2	372	2	0.000060
DP	2	375	3	0.000091
DP	2	376	1	0.000030
DP	2	378	1	0.000030
DP	2	381	1	0.000030
DP	2	382	1	0.000030
DP	2	383	3	0.000091
DP	2	384	1	0.000030
DP	2	386	2	0.000060
DP	2	387	1	0.000030
DP	2	388	1	0.000030
DP	2	389	2	0.000060
DP	2	390	1	0.000030
DP	2	393	1	0.000030
DP	2	394	3	0.000091
DP	2	397	2	0.000060
DP	2	398	3	0.000091
DP	2	399	2	0.000060
DP	2	402	1	0.000030
DP	2	404	1	0.000030
DP	2	405	2	0.000060
DP	2	406	1	0.000030
DP	2	407	3	0.000091
DP	2	408	1	0.000030
DP	2	409	3	0.000091
DP	2	411	1	0.000030
DP	2	412	1	0.000030
DP	2	414	2	0.000060
DP	2	415	2	0.000060
DP	2	417	2	0.000060
DP	2	418	1	0.000030
DP	2	420	1	0.000030
DP	2	421	1	0.000030
DP	2	426	3	0.000091
DP	2	432	1	0.000030
DP	2	438	1	0.000030
DP	2	441	1	0.000030
DP	2	443	2	0.000060
DP	2	444	2	0.000060
DP	2	446	1	0.000030
DP	2	448	1	0.000030
DP	2	450	2	0.000060
DP	2	451	1	0.000030
DP	2	454	2	0.000060
DP	2	459	1	0.000030
DP	2	468	1	0.000030
DP	2	472	2	0.000060
DP	2	473	1	0.000030
DP	2	484	1	0.000030
DP	2	495	1	0.000030
DP	2	>500	42	0.001269
# HWE
# HWE	[2]id	[3]1st ALT allele frequency	[4]Number of observations	[5]25th percentile	[6]median	[7]75th percentile
HWE	0	0.000000	41499	0.040000	0.040000	0.040000
HWE	0	4.000000	11388	0.000000	0.080000	0.080000
HWE	0	6.000000	4464	0.120000	0.120000	0.120000
HWE	0	8.000000	3349	0.080000	0.160000	0.160000
HWE	0	10.000000	2017	0.200000	0.200000	0.200000
HWE	0	12.000000	1829	0.080000	0.240000	0.240000
HWE	0	14.000000	1159	0.200000	0.280000	0.280000
HWE	0	16.000000	1059	0.160000	0.330000	0.330000
HWE	0	18.000000	806	0.280000	0.370000	0.370000
HWE	0	20.000000	893	0.080000	0.410000	0.410000
HWE	0	22.000000	718	0.370000	0.450000	0.450000
HWE	0	24.000000	855	0.160000	0.490000	0.490000
HWE	0	26.000000	536	0.450000	0.530000	0.530000
HWE	0	28.000000	488	0.410000	0.570000	0.570000
HWE	0	30.000000	375	0.450000	0.610000	0.610000
HWE	0	33.000000	336	0.240000	0.660000	0.660000
HWE	0	35.000000	349	0.370000	0.700000	0.700000
HWE	0	37.000000	411	0.160000	0.570000	0.740000
HWE	0	39.000000	410	0.280000	0.610000	0.780000
HWE	0	41.000000	398	0.160000	0.490000	0.820000
HWE	0	43.000000	394	0.200000	0.530000	0.860000
HWE	0	45.000000	389	0.160000	0.490000	0.900000
HWE	0	47.000000	396	0.040000	0.370000	0.940000
HWE	0	49.000000	520	0.000000	0.080000	0.990000
HWE	0	51.000000	210	0.040000	0.120000	0.370000
HWE	0	53.000000	248	0.000000	0.080000	0.330000
HWE	0	55.000000	201	0.040000	0.200000	0.450000
HWE	0	57.000000	169	0.080000	0.160000	0.410000
HWE	0	59.000000	168	0.120000	0.200000	0.370000
HWE	0	61.000000	181	0.080000	0.160000	0.240000
HWE	0	63.000000	116	0.040000	0.200000	0.280000
HWE	0	66.000000	103	0.000000	0.080000	0.240000
HWE	0	68.000000	59	0.040000	0.120000	0.200000
HWE	0	70.000000	84	0.000000	0.000000	0.080000
HWE	0	72.000000	51	0.040000	0.040000	0.120000
HWE	0	74.000000	146	0.000000	0.000000	0.000000
HWE	0	76.000000	50	0.040000	0.040000	0.120000
HWE	0	78.000000	107	0.000000	0.000000	0.080000
HWE	0	80.000000	27	0.040000	0.040000	0.120000
HWE	0	82.000000	66	0.000000	0.000000	0.080000
HWE	0	84.000000	25	0.040000	0.120000	0.120000
HWE	0	86.000000	42	0.000000	0.000000	0.160000
HWE	0	88.000000	29	0.040000	0.120000	0.120000
HWE	0	90.000000	31	0.000000	0.000000	0.160000
HWE	0	92.000000	15	0.040000	0.120000	0.120000
HWE	0	94.000000	26	0.000000	0.080000	0.080000
HWE	0	96.000000	22	0.040000	0.040000	0.040000
HWE	0	99.000000	141	0.000000	0.000000	0.000000
HWE	1	0.000000	35279	0.040000	0.040000	0.040000
HWE	1	4.000000	8218	0.080000	0.080000	0.080000
HWE	1	6.000000	3055	0.120000	0.120000	0.120000
HWE	1	8.000000	1451	0.160000	0.160000	0.160000
HWE	1	10.000000	625	0.200000	0.200000	0.200000
HWE	1	12.000000	318	0.240000	0.240000	0.240000
HWE	1	14.000000	153	0.280000	0.280000	0.280000
HWE	1	16.000000	68	0.330000	0.330000	0.330000
HWE	1	18.000000	35	0.370000	0.370000	0.370000
HWE	1	20.000000	10	0.410000	0.410000	0.410000
HWE	1	22.000000	8	0.280000	0.450000	0.450000
HWE	1	24.000000	4	0.490000	0.490000	0.490000
HWE	1	26.000000	3	0.120000	0.450000	0.530000
HWE	1	28.000000	1	0.000000	0.000000	0.000000
HWE	1	35.000000	3	0.040000	0.450000	0.530000
HWE	1	37.000000	5	0.570000	0.660000	0.660000
HWE	1	39.000000	2	0.280000	0.280000	0.450000
HWE	1	41.000000	8	0.570000	0.660000	0.740000
HWE	1	43.000000	5	0.700000	0.780000	0.860000
HWE	1	45.000000	6	0.820000	0.820000	0.900000
HWE	1	47.000000	6	0.120000	0.860000	0.940000
HWE	1	49.000000	3	0.900000	0.900000	0.900000
HWE	1	51.000000	1	0.940000	0.940000	0.940000
HWE	1	53.000000	2	0.240000	0.240000	0.900000
HWE	1	55.000000	1	0.780000	0.780000	0.780000
HWE	1	57.000000	3	0.660000	0.740000	0.820000
HWE	1	59.000000	2	0.700000	0.700000	0.780000
HWE	1	63.000000	1	0.040000	0.040000	0.040000
HWE	1	74.000000	1	0.000000	0.000000	0.000000
HWE	1	86.000000	1	0.000000	0.000000	0.000000
HWE	1	90.000000	1	0.160000	0.160000	0.160000
HWE	1	92.000000	2	0.040000	0.040000	0.120000
HWE	1	94.000000	1	0.080000	0.080000	0.080000
HWE	1	96.000000	2	0.040000	0.040000	0.040000
HWE	1	99.000000	3	0.000000	0.000000	0.000000
HWE	2	0.000000	14794	0.040000	0.040000	0.040000
HWE	2	4.000000	47330	0.000000	0.000000	0.000000
HWE	2	6.000000	6383	0.040000	0.040000	0.120000
HWE	2	8.000000	11749	0.000000	0.000000	0.080000
HWE	2	10.000000	3278	0.040000	0.120000	0.200000
HWE	2	12.000000	6926	0.000000	0.000000	0.080000
HWE	2	14.000000	2197	0.040000	0.200000	0.280000
HWE	2	16.000000	3506	0.000000	0.000000	0.160000
HWE	2	18.000000	1687	0.040000	0.120000	0.370000
HWE	2	20.000000	4125	0.000000	0.000000	0.000000
HWE	2	22.000000	1404	0.040000	0.120000	0.450000
HWE	2	24.000000	3227	0.000000	0.000000	0.410000
HWE	2	26.000000	976	0.040000	0.120000	0.530000
HWE	2	28.000000	1856	0.000000	0.000000	0.080000
HWE	2	30.000000	635	0.040000	0.040000	0.530000
HWE	2	33.000000	1788	0.000000	0.000000	0.000000
HWE	2	35.000000	835	0.040000	0.120000	0.530000
HWE	2	37.000000	1809	0.000000	0.000000	0.160000
HWE	2	39.000000	902	0.040000	0.200000	0.450000
HWE	2	41.000000	1680	0.000000	0.000000	0.240000
HWE	2	43.000000	1008	0.040000	0.200000	0.530000
HWE	2	45.000000	1672	0.000000	0.000000	0.240000
HWE	2	47.000000	1003	0.040000	0.040000	0.370000
HWE	2	49.000000	1867	0.000000	0.000000	0.000000
HWE	2	51.000000	744	0.040000	0.040000	0.120000
HWE	2	53.000000	1368	0.000000	0.000000	0.080000
HWE	2	55.000000	683	0.040000	0.120000	0.280000
HWE	2	57.000000	1111	0.000000	0.000000	0.160000
HWE	2	59.000000	749	0.040000	0.120000	0.280000
HWE	2	61.000000	1603	0.000000	0.000000	0.080000
HWE	2	63.000000	626	0.040000	0.040000	0.200000
HWE	2	66.000000	1075	0.000000	0.000000	0.000000
HWE	2	68.000000	248	0.040000	0.040000	0.120000
HWE	2	70.000000	908	0.000000	0.000000	0.000000
HWE	2	72.000000	313	0.040000	0.040000	0.040000
HWE	2	74.000000	1430	0.000000	0.000000	0.000000
HWE	2	76.000000	367	0.040000	0.040000	0.040000
HWE	2	78.000000	1176	0.000000	0.000000	0.000000
HWE	2	80.000000	284	0.040000	0.040000	0.040000
HWE	2	82.000000	566	0.000000	0.000000	0.080000
HWE	2	84.000000	221	0.040000	0.040000	0.120000
HWE	2	86.000000	509	0.000000	0.000000	0.080000
HWE	2	88.000000	137	0.040000	0.120000	0.120000
HWE	2	90.000000	204	0.000000	0.000000	0.080000
HWE	2	92.000000	96	0.040000	0.120000	0.120000
HWE	2	94.000000	99	0.000000	0.080000	0.080000
HWE	2	96.000000	44	0.040000	0.040000	0.040000
HWE	2	99.000000	664	0.000000	0.000000	0.000000
